   1.0000000e+00  -1.1664000e+01  -5.7693000e+00   1.7378600e+00
   2.0000000e+00  -1.3488300e+01  -1.1093100e+01   7.5921000e-01
   3.0000000e+00  -1.7188100e+01  -8.4784700e+00   2.0261400e+00
   4.0000000e+00  -1.6682200e+01   6.6139700e-02   9.0920600e-01
   5.0000000e+00  -1.5103400e+01  -3.2611200e+00  -7.0484400e-01
   6.0000000e+00  -1.1590500e+01  -3.5485700e+00   7.1201000e-01
   7.0000000e+00  -1.3091900e+01  -1.8632600e-01   5.6454700e-01
   8.0000000e+00  -1.7014600e+01  -4.1421600e+00   2.6011600e+00
   9.0000000e+00  -1.5457700e+01  -1.1703900e+01   5.2176900e-01
   1.0000000e+01  -1.7239900e+01  -6.1969600e+00   7.4360200e-01
   1.1000000e+01  -2.0104900e+01   2.8001300e+00   9.9416300e-01
   1.2000000e+01  -1.5754800e+01   6.7502900e+00   4.5077000e-01
   1.3000000e+01  -1.9670900e+01   5.2764000e+00   8.1919500e-01
   1.4000000e+01  -1.6316000e+01   1.0411300e+01   1.8814100e+00
   1.5000000e+01  -1.6827700e+01  -2.0230600e+00   1.6421900e+00
   1.6000000e+01  -1.3707200e+01   7.1578700e+00   6.8630700e-01
   1.7000000e+01  -1.1360300e+01   1.2950900e+01   1.2838100e+00
   1.8000000e+01  -1.5535100e+01   1.2372200e+01   2.0792300e+00
   1.9000000e+01  -1.1855500e+01  -1.2343100e+01   3.1895900e-01
   2.0000000e+01  -9.8412500e+00  -4.7094000e+00  -1.4157400e-01
   2.1000000e+01  -1.0338300e+01  -1.5606000e+01   1.4983400e+00
   2.2000000e+01  -9.8847100e+00  -6.8200900e+00   1.0788100e+00
   2.3000000e+01  -9.7490400e+00  -2.6059700e+00   8.8920200e-01
   2.4000000e+01  -1.8971000e+01  -4.8922200e+00  -1.1366400e-01
   2.5000000e+01  -1.5330600e+01  -5.3773500e+00   4.8089500e-01
   2.6000000e+01  -1.2927900e+01   1.8730600e+00   8.9889400e-01
   2.7000000e+01  -1.8389200e+01   1.2820400e+00   1.3978600e+00
   2.8000000e+01  -8.8799400e+00   5.7199100e+00   2.1223100e-01
   2.9000000e+01  -1.0814300e+01   4.8934300e+00  -5.9708900e-01
   3.0000000e+01  -1.0963800e+01   9.2679800e+00   1.1583000e+00
   3.1000000e+01  -1.7909100e+01   6.3662000e+00  -5.0386500e-02
   3.2000000e+01  -1.3423500e+01  -4.5053000e+00   1.7637900e+00
   3.3000000e+01  -1.4371900e+01   5.2059400e+00   1.4776900e+00
   3.4000000e+01  -1.5102900e+01   8.6987000e+00  -6.7236900e-01
   3.5000000e+01  -1.8532200e+01  -8.6537000e-01   6.1620700e-01
   3.6000000e+01  -8.5677700e+00   1.7071900e+01   1.5770100e+00
   3.7000000e+01  -8.2515800e+00  -1.0334100e+01   1.1164100e+00
   3.8000000e+01  -1.0158900e+01  -1.3535100e+01  -9.8770200e-02
   3.9000000e+01  -8.5745100e+00  -1.6764500e+01   1.4277500e+00
   4.0000000e+01  -1.5441900e+01  -9.5823600e+00  -4.2693700e-02
   4.1000000e+01  -1.1671900e+01  -1.0112200e+01  -5.1785500e-01
   4.2000000e+01  -1.4603800e+01   3.1458600e+00   1.9300800e+00
   4.3000000e+01  -8.0506100e+00  -5.8620900e+00   1.6240500e+00
   4.4000000e+01  -1.5385000e+01  -7.4949600e+00  -8.1605100e-01
   4.5000000e+01  -1.1408500e+01  -1.3986300e+00   1.7396900e-01
   4.6000000e+01  -1.3270100e+01  -2.3309300e+00   6.0787500e-01
   4.7000000e+01  -4.7581200e+00   5.7442000e+00   2.2580200e+00
   4.8000000e+01  -1.2130400e+01   1.1035800e+01   2.7893800e-01
   4.9000000e+01  -1.0061400e+01   1.1341600e+01   6.3246300e-01
   5.0000000e+01  -1.6530100e+01   2.2031100e+00   1.2373900e+00
   5.1000000e+01  -1.1672400e+01   6.8142400e+00   1.6156100e+00
   5.2000000e+01  -3.6463400e+00   1.1309700e+01   1.4614200e+00
   5.3000000e+01  -5.6844600e+00   1.9027800e+01   6.4095900e-01
   5.4000000e+01  -1.1681200e+01   1.4988000e+01   1.4472700e+00
   5.5000000e+01  -2.3336900e+00  -2.0512200e+01   1.3896400e+00
   5.6000000e+01  -1.3448200e+01  -6.8229000e+00   1.3890400e+00
   5.7000000e+01  -1.3499100e+01  -8.8940600e+00   6.5834800e-01
   5.8000000e+01  -4.6258300e+00  -1.5349200e+01   1.7413400e+00
   5.9000000e+01  -1.1199800e+01   6.9725800e-01   8.4200400e-01
   6.0000000e+01  -6.1371900e+00  -1.0111200e+01   1.4713100e+00
   6.1000000e+01  -1.4967900e+01  -1.0829500e+00   5.1775300e-01
   6.2000000e+01  -2.5354300e+00  -1.0248500e+01  -5.1003900e-01
   6.3000000e+01  -9.3092200e+00   1.5954000e+00   2.2436900e+00
   6.4000000e+01  -7.6700400e+00   3.3991400e-01   2.8455100e+00
   6.5000000e+01  -1.0990100e+01   2.8005100e+00   1.7100200e+00
   6.6000000e+01  -1.6392400e+01   4.7281500e+00   7.8669500e-01
   6.7000000e+01  -5.5902700e+00   1.7866700e-01  -2.0873200e-01
   6.8000000e+01  -9.7276900e+00   7.5984300e+00   2.6049200e+00
   6.9000000e+01  -1.8152300e+01   3.5907800e+00   2.0647900e+00
   7.0000000e+01  -7.9185300e+00   1.1605400e+01   1.7327700e+00
   7.1000000e+01  -1.3010300e+01   9.1015600e+00   1.4084700e+00
   7.2000000e+01   1.4425700e+00   1.7857400e+01   1.9532500e+00
   7.3000000e+01  -1.3734800e+01  -1.3264100e+01  -6.8792400e-01
   7.4000000e+01  -1.2023700e+01  -1.4410700e+01   1.6477600e+00
   7.5000000e+01  -6.0518000e+00  -8.0430000e+00   1.2131400e-01
   7.6000000e+01   8.9483300e-01  -1.4552200e+00   1.2943900e+00
   7.7000000e+01  -9.9872400e+00  -1.1462000e+01   2.0316600e+00
   7.8000000e+01  -9.8909100e+00  -9.0989500e+00   1.7718100e+00
   7.9000000e+01  -4.1453300e+00  -5.0206400e+00   3.7848700e-01
   8.0000000e+01  -5.5249400e+00   7.6598000e+00   3.3440900e-01
   8.1000000e+01  -8.1434500e+00  -7.9617500e+00   3.0895900e-01
   8.2000000e+01  -1.4814200e+01   9.9199600e-01   2.6118500e+00
   8.3000000e+01  -5.8147000e+00  -1.8699000e+00   2.3569300e+00
   8.4000000e+01  -6.8491200e+00   6.0167200e+00   1.4728900e+00
   8.5000000e+01  -6.8814200e+00   9.7965800e+00   5.9568200e-01
   8.6000000e+01  -9.2174800e+00   1.3251300e+01   1.1783300e-01
   8.7000000e+01  -1.2710300e+01   3.9913900e+00   1.5545000e+00
   8.8000000e+01  -6.6588700e+00   1.3330000e+01   6.0060700e-01
   8.9000000e+01   8.4515900e-01   1.4246300e+01   2.9204600e+00
   9.0000000e+01  -9.5898700e+00   1.5287700e+01   1.5926800e+00
   9.1000000e+01   3.7787200e+00  -1.7394000e+01   1.7331300e+00
   9.2000000e+01   1.8517200e+00  -1.8389200e+01   8.4427500e-01
   9.3000000e+01  -2.8886200e+00  -1.6464000e+01   7.2041100e-01
   9.4000000e+01  -8.2743500e+00  -1.2612200e+01   3.0755000e-01
   9.5000000e+01  -4.2820400e+00  -9.1498200e+00   4.3820200e-01
   9.6000000e+01  -5.9595800e-01  -2.8779100e+00   1.7474800e+00
   9.7000000e+01  -2.0271300e+01   2.4365000e-01  -7.5223400e-01
   9.8000000e+01  -7.8611700e+00  -1.7412600e+00   6.2140300e-01
   9.9000000e+01  -6.0852400e+00   4.1064600e+00   2.0066200e+00
   1.0000000e+02  -5.9210200e+00  -3.9272400e+00  -1.0982700e-01
   1.0100000e+02  -2.3134800e+00  -4.0287500e+00   1.2941500e+00
   1.0200000e+02  -1.4218500e+01   1.0780300e+01   1.9738500e+00
   1.0300000e+02  -1.1908200e+00   1.4637900e+01   9.9808000e-01
   1.0400000e+02  -1.2714500e+00   6.9211200e+00   1.4989400e+00
   1.0500000e+02  -1.3436100e+01   1.2723000e+01   8.0069400e-01
   1.0600000e+02  -6.4146500e+00   1.7072600e+01   1.7308100e+00
   1.0700000e+02  -7.5120500e+00   1.5310300e+01   1.9707200e+00
   1.0800000e+02  -4.1672700e+00   1.6779700e+01   7.5118700e-01
   1.0900000e+02  -9.9480600e-01  -1.5459600e+01   6.7181300e-03
   1.1000000e+02  -8.4161100e+00  -1.4692000e+01   5.3878700e-01
   1.1100000e+02  -6.3675600e+00  -1.4217500e+01   2.4253400e+00
   1.1200000e+02  -4.4048600e+00  -1.1222800e+01   2.6778400e+00
   1.1300000e+02   1.0473500e+00  -4.1153600e+00   2.8420400e-01
   1.1400000e+02  -4.2101900e+00  -7.0862900e+00   1.9014700e+00
   1.1500000e+02  -1.1639100e+01  -7.9637700e+00  -1.6244700e-01
   1.1600000e+02  -3.5503300e+00  -1.4972100e-01   1.4046600e+00
   1.1700000e+02  -2.3580300e+00  -1.8231300e+00   2.0367900e-01
   1.1800000e+02  -7.9747300e+00  -3.7931200e+00   2.3951300e+00
   1.1900000e+02  -7.6912200e+00   7.9050600e+00  -5.8732400e-01
   1.2000000e+02  -8.9375200e+00   9.6197000e+00  -9.0380700e-01
   1.2100000e+02   5.5503000e-02   1.6283400e+01   1.4257000e+00
   1.2200000e+02  -1.8800100e+00   3.5115800e+00   5.5708300e-01
   1.2300000e+02  -4.0358400e-01   1.2569900e+01   9.3019300e-01
   1.2400000e+02  -4.5089600e+00   1.3179800e+01   1.0423100e+00
   1.2500000e+02  -5.3724400e+00   1.5046300e+01   1.1493800e+00
   1.2600000e+02  -7.9497500e-01   1.8217600e+01   1.5242800e+00
   1.2700000e+02  -6.9327500e-01  -9.2498300e+00   1.7201200e+00
   1.2800000e+02  -6.5027300e+00  -1.6293800e+01   9.9664100e-01
   1.2900000e+02  -2.7633300e+00  -1.4393800e+01  -5.4593900e-01
   1.3000000e+02  -6.2541000e+00  -1.2158000e+01   1.1821300e+00
   1.3100000e+02  -2.3863900e+00  -6.0993700e+00   1.2590800e+00
   1.3200000e+02   1.0004400e+00  -1.4437900e+01  -4.5231200e-02
   1.3300000e+02   1.1958800e+00  -6.1755600e+00   2.6494000e+00
   1.3400000e+02   4.4232600e+00  -1.5341300e+00   1.3878400e+00
   1.3500000e+02   4.7016100e+00  -6.0330800e+00   2.0094200e+00
   1.3600000e+02   2.7089400e+00  -3.7018900e-01   1.9653100e+00
   1.3700000e+02  -4.0773100e+00  -2.9641200e+00   1.8025000e+00
   1.3800000e+02  -5.2651600e+00   2.2091100e+00   4.1385200e-01
   1.3900000e+02  -2.7932800e+00   9.4157600e+00   1.0870600e+00
   1.4000000e+02  -4.8397800e+00   9.6150400e+00   2.2392200e+00
   1.4100000e+02  -5.7160500e+00   1.1508100e+01   9.3729100e-01
   1.4200000e+02  -2.4334900e+00   1.2994600e+01   1.7813300e-01
   1.4300000e+02  -3.2804700e+00   1.4913100e+01  -8.0295000e-01
   1.4400000e+02   3.7627100e+00   1.2067700e+01   1.0170900e-01
   1.4500000e+02   3.6964300e+00  -1.5342700e+01  -8.1111100e-01
   1.4600000e+02  -2.4604600e+00  -8.1551000e+00   1.2455700e+00
   1.4700000e+02   4.9862500e+00  -1.2306500e+01   1.4474800e+00
   1.4800000e+02  -4.5244400e+00  -1.3288000e+01   6.6057100e-01
   1.4900000e+02   6.2263100e+00  -2.5347600e+00   1.0623600e+00
   1.5000000e+02  -5.9721000e+00  -5.9872500e+00   3.8093400e+00
   1.5100000e+02  -6.1409500e-01  -7.1897100e+00   1.5841200e+00
   1.5200000e+02   2.9061800e+00  -5.0099100e+00   2.3459500e+00
   1.5300000e+02   2.3407800e+00   2.1549700e+00   1.7190200e-01
   1.5400000e+02  -8.7856400e-01  -4.0154300e-01   1.0770800e+00
   1.5500000e+02  -7.3712900e+00   2.4944600e+00   4.8592200e-01
   1.5600000e+02  -9.1224900e+00   3.6529400e+00   2.2698800e+00
   1.5700000e+02  -3.9061700e-01   5.0339000e+00  -2.7033400e-02
   1.5800000e+02  -2.0005000e+00   1.6533800e+01   1.2843400e+00
   1.5900000e+02   9.9011100e+00   1.3473400e+01   1.8949500e-01
   1.6000000e+02   1.7066400e+00   1.2270800e+01   1.9264100e-01
   1.6100000e+02  -7.8867400e-01   8.9346500e+00   1.8169700e+00
   1.6200000e+02  -2.8613300e+00   1.8467200e+01   2.1989100e+00
   1.6300000e+02  -3.0064400e+00  -1.8529600e+01   2.0550800e+00
   1.6400000e+02  -7.0613400e+00  -1.8292400e+01   1.4113100e+00
   1.6500000e+02   2.8982900e+00  -1.3445100e+01   1.2166600e+00
   1.6600000e+02   3.0844000e+00  -1.1355000e+01   6.9298500e-01
   1.6700000e+02   2.9525700e+00  -9.2996000e+00   2.5894700e+00
   1.6800000e+02  -8.0328700e-01  -1.3391500e+01  -8.5579800e-01
   1.6900000e+02   6.1616600e+00   3.7722100e+00   2.7122100e+00
   1.7000000e+02   1.1651700e+00  -8.2533800e+00   1.1202400e+00
   1.7100000e+02   9.8753000e+00   1.6987400e+00   7.8432700e-01
   1.7200000e+02   4.3855000e+00   8.2439300e-01   2.9361600e+00
   1.7300000e+02  -9.5298700e+00  -5.4501000e-01   3.0640000e-01
   1.7400000e+02   8.9806100e-01   6.7803400e-01   5.0069100e-01
   1.7500000e+02  -3.4681400e+00   7.3948700e+00   2.5285800e+00
   1.7600000e+02   5.7085600e+00   1.1384000e+01   9.7249000e-02
   1.7700000e+02   4.5533300e-01   3.1364400e+00  -6.5707600e-01
   1.7800000e+02   3.6609300e-01   1.0664300e+01   8.4603100e-02
   1.7900000e+02   4.1324000e+00   1.5663800e+01  -2.0507800e-02
   1.8000000e+02   2.5128200e+00   1.9634600e+01   1.3393900e+00
   1.8100000e+02   6.7355300e+00  -8.9690500e+00   3.4280000e-01
   1.8200000e+02  -3.2051100e-02  -1.7276400e+01   9.9940600e-01
   1.8300000e+02  -4.7335300e+00  -1.7414900e+01   1.2086100e+00
   1.8400000e+02  -7.3383900e-01  -1.1315700e+01   1.2699200e+00
   1.8500000e+02   4.9856700e+00  -1.0213900e+01   9.6999700e-01
   1.8600000e+02   6.0024900e+00  -1.8447500e+01   1.8973700e+00
   1.8700000e+02   4.8604800e+00  -8.1091600e+00   1.1833900e+00
   1.8800000e+02   8.0804700e+00   2.7379600e+00   1.9719100e+00
   1.8900000e+02   4.5186300e+00  -3.7162300e+00  -1.2666600e-01
   1.9000000e+02  -3.9559900e+00   3.8073200e+00   8.4011000e-01
   1.9100000e+02   7.9475400e-01   6.7276200e+00   5.0525400e-02
   1.9200000e+02   2.5034300e+00   4.2353500e+00   1.1941300e+00
   1.9300000e+02   5.0904200e+00   7.3190000e+00  -4.5932300e-03
   1.9400000e+02   1.2719700e+00   8.7733300e+00   1.0706900e+00
   1.9500000e+02   8.3075900e+00   6.9180900e+00   8.7400100e-02
   1.9600000e+02   2.6754300e+00   1.0293100e+01   1.6152900e+00
   1.9700000e+02   7.8693400e+00   1.6678800e+01   2.1582400e+00
   1.9800000e+02   4.7791600e+00   1.9215700e+01   9.6059900e-01
   1.9900000e+02   1.1254000e+00  -1.0315800e+01   1.8917000e+00
   2.0000000e+02   1.8892900e+00  -1.6334900e+01   1.6838200e-01
   2.0100000e+02   5.4940300e+00  -1.4318800e+01   2.2543000e+00
   2.0200000e+02   1.2496200e+01  -1.1596300e+01   2.2550400e+00
   2.0300000e+02   8.4669100e+00  -7.7721900e+00  -3.3141700e-01
   2.0400000e+02   8.0215500e+00  -3.5996100e+00   1.5961700e+00
   2.0500000e+02   7.1634900e+00  -1.3081800e+01   1.7790400e+00
   2.0600000e+02   4.4684000e+00   4.9916900e+00   1.4509900e+00
   2.0700000e+02   2.5726400e+00  -2.6866200e+00   1.8417500e-01
   2.0800000e+02   1.1552100e+01  -1.4998000e+00   4.1747700e-01
   2.0900000e+02   7.9709200e+00  -1.4347800e+00   9.4644900e-01
   2.1000000e+02   8.0426300e+00   6.6626300e-01   6.8279300e-01
   2.1100000e+02  -3.1668200e+00   1.8731600e+00   1.3138400e+00
   2.1200000e+02   8.9014900e+00   8.9135500e+00   1.3836100e+00
   2.1300000e+02   2.8114000e+00   6.3004800e+00  -1.9984900e-02
   2.1400000e+02  -9.8122500e-01   1.6511600e+00   1.3440600e+00
   2.1500000e+02   7.5447400e+00   1.2521400e+01  -5.6989200e-01
   2.1600000e+02   5.5427200e+00   1.7296200e+01   1.0129900e+00
   2.1700000e+02   4.0619600e+00  -1.9433100e+01   9.9514300e-01
   2.1800000e+02   1.3385100e+00  -2.0384000e+01   2.6247900e+00
   2.1900000e+02   1.1014500e+01  -1.4876300e+01   9.4182400e-02
   2.2000000e+02   6.5793300e+00  -6.8952300e+00   1.7235300e+00
   2.2100000e+02   1.0785000e+00  -1.2381400e+01   1.8282000e-01
   2.2200000e+02   1.2691500e+01  -5.4220300e+00   8.9738800e-01
   2.2300000e+02   6.2456200e+00   1.7043100e+00   7.9646300e-01
   2.2400000e+02   6.1269500e+00  -3.6682200e-01   1.8732000e-01
   2.2500000e+02   3.2918900e+00   8.3146100e+00   2.8705500e+00
   2.2600000e+02   8.2988300e+00   4.8278900e+00   3.7375700e-01
   2.2700000e+02  -2.7061900e+00   5.4470100e+00   2.2643800e-01
   2.2800000e+02   1.1945900e+01   4.7090700e+00   7.2561800e-03
   2.2900000e+02   1.1822200e+01   2.6324500e+00   1.3723700e+00
   2.3000000e+02   8.0799700e+00   1.4506300e+01   1.7416100e+00
   2.3100000e+02   5.0434700e+00   9.4100300e+00   2.5537400e+00
   2.3200000e+02  -1.6250800e+00   2.0128900e+01   9.5184600e-01
   2.3300000e+02   3.4869300e+00   1.7619400e+01   1.9411300e+00
   2.3400000e+02   6.9039700e+00   8.4319700e+00   8.2212000e-02
   2.3500000e+02   6.8627100e+00  -1.1040500e+01   1.4854200e+00
   2.3600000e+02  -2.6498700e+00  -1.2320700e+01   9.7637000e-01
   2.3700000e+02   8.6515900e+00  -9.8748000e+00   8.8990700e-01
   2.3800000e+02   9.0881800e+00  -1.4021900e+01   2.1905500e+00
   2.3900000e+02   9.4034900e+00  -1.6209200e+01   1.9586500e+00
   2.4000000e+02   6.4825900e+00   5.7959900e+00   3.8695500e+00
   2.4100000e+02   4.2568600e+00   2.9016500e+00   8.5745600e-01
   2.4200000e+02   2.9945700e+00  -7.2331800e+00   1.8495100e+00
   2.4300000e+02   1.7410600e+01   3.1072200e+00   1.1195700e+00
   2.4400000e+02   1.3410200e+01  -5.9139500e-01  -2.2893800e-01
   2.4500000e+02   1.4372800e+01   7.6573400e+00  -3.9039000e-01
   2.4600000e+02   1.2638000e+01   8.8017100e+00   1.5565400e+00
   2.4700000e+02   1.7729000e+01   5.2428600e+00   4.4274500e-01
   2.4800000e+02   2.9074200e+00   1.4007600e+01   1.8527400e-01
   2.4900000e+02   9.3881200e+00   1.1462000e+01   2.7681800e+00
   2.5000000e+02   1.4114900e+01   5.6122200e+00   6.8838700e-01
   2.5100000e+02   1.8885300e+01  -3.1301400e-01   3.2872000e-01
   2.5200000e+02   2.0769200e+00   1.5890900e+01   7.6569300e-01
   2.5300000e+02   7.4013800e+00  -1.5189300e+01   1.9553200e+00
   2.5400000e+02   5.6586600e+00  -1.6381700e+01   1.8236600e+00
   2.5500000e+02   1.8192200e+01  -2.7249300e+00   1.3335800e+00
   2.5600000e+02   1.0407600e+01  -8.6684600e+00   1.0371100e+00
   2.5700000e+02   1.0161100e+01  -6.6028300e+00   1.3567400e+00
   2.5800000e+02   8.2592800e+00  -5.6736800e+00   2.5678900e-01
   2.5900000e+02   1.5436500e+01   2.2789600e+00   1.5883900e-01
   2.6000000e+02   1.4122800e+01  -7.1169800e+00   1.4372300e+00
   2.6100000e+02   1.6198000e+01  -7.2702300e+00   2.4014900e+00
   2.6200000e+02   1.2374700e+01   6.7279400e+00   1.9077900e+00
   2.6300000e+02   1.1810600e+01  -3.5483400e+00   2.5898800e+00
   2.6400000e+02   9.8183300e+00  -3.9287900e-01   1.2708100e+00
   2.6500000e+02   1.0732700e+01   7.9819600e+00   5.1867600e-01
   2.6600000e+02   1.6023800e+01   6.4107000e+00   3.6075400e-01
   2.6700000e+02   1.1502300e+01   1.2066100e+01   6.3221800e-01
   2.6800000e+02   9.8857000e+00   1.5596400e+01   3.6408800e-01
   2.6900000e+02   5.3214600e+00   1.3435500e+01   5.1398900e-01
   2.7000000e+02   6.1862000e+00   1.5336600e+01   1.1014700e+00
   2.7100000e+02  -6.3492700e-01  -1.9273700e+01   1.6055400e+00
   2.7200000e+02   6.3375100e+00  -4.7869500e+00   9.8456000e-01
   2.7300000e+02   8.9328500e+00  -1.1965100e+01   1.9484900e+00
   2.7400000e+02   1.0590300e+01  -1.0713400e+01   2.8440600e+00
   2.7500000e+02   1.5304800e+01   2.2537100e-01   8.1380200e-01
   2.7600000e+02   1.3879700e+01  -3.6766100e+00   2.3037300e-01
   2.7700000e+02   1.3688100e+01   3.5476800e+00   1.4534700e+00
   2.7800000e+02   1.1664400e+01   5.5605800e-01   1.0950900e+00
   2.7900000e+02   1.0018000e+01  -4.5406000e+00  -2.1767500e-01
   2.8000000e+02   1.6233300e+01  -3.5735100e+00   1.3178200e+00
   2.8100000e+02   1.0145100e+01   5.8371700e+00   1.3031500e+00
   2.8200000e+02   1.4985200e+01  -1.9337800e+00   9.3474700e-01
   2.8300000e+02   1.5756000e+01   4.3368400e+00   2.0255400e-01
   2.8400000e+02   1.0088700e+01   3.7499000e+00  -4.1672500e-01
   2.8500000e+02   1.3535900e+01   1.4680900e+00   4.2446900e-01
   2.8600000e+02   1.0908900e+01   1.0047900e+01   1.2491300e+00
   2.8700000e+02   7.5402500e+00   1.0460000e+01  -3.0311500e-01
   2.8800000e+02   1.3187900e+01   1.0796100e+01   1.8846200e+00
   2.8900000e+02   1.0828900e+01  -1.2823400e+01   1.0355500e+00
   2.9000000e+02   1.4500100e+01  -1.1127700e+01   1.7409600e+00
   2.9100000e+02   1.7283500e+01  -5.4377900e+00   8.9171300e-01
   2.9200000e+02   1.2069300e+01  -7.4274600e+00   1.4600100e+00
   2.9300000e+02   1.6875300e+01  -1.1207500e+00   1.5169600e+00
   2.9400000e+02   1.5041500e+01  -8.9723900e+00  -1.7654700e-01
   2.9500000e+02   1.2828300e+01  -9.4194200e+00   1.8588800e+00
   2.9600000e+02   1.9432600e+01   2.5282600e+00   2.2120100e+00
   2.9700000e+02   1.5184300e+01  -5.3433100e+00   2.4167300e+00
   2.9800000e+02   1.7198000e+01   1.0318800e+00   9.3505500e-01
   2.9900000e+02   9.7478900e+00  -2.4849800e+00   3.6537400e-01
   3.0000000e+02   1.9319000e+01  -5.0420100e+00   1.8528400e+00
