0	-10.7667	-5.57873	1.64296	
1	-12.5996	-10.7693	2.32317	
2	-16.1834	-8.71443	1.08242	
3	-16.1738	-0.405904	-0.474412	
4	-14.3769	-3.50965	0.235897	
5	-10.78	-3.50264	1.53509	
6	-12.5582	-0.372601	0.836502	
7	-16.1858	-4.55776	0.716475	
8	-14.3841	-11.8429	0.0168645	
9	-16.2582	-6.65504	1.71973	
10	-19.8261	1.62239	1.94455	
11	-16.1925	5.87909	1.94235	
12	-19.7706	3.78313	0.457021	
13	-16.1199	10.2602	1.74525	
14	-16.1678	-2.49087	-0.313331	
15	-14.4153	6.94109	0.698101	
16	-11.0114	13.5638	-0.120709	
17	-12.9422	12.8245	0.537341	
18	-10.8102	-11.8675	2.61156	
19	-8.97222	-4.55814	1.53559	
20	-9.12413	-15.1068	0.488046	
21	-8.97467	-6.61632	0.858895	
22	-8.98239	-2.48888	3.09512	
23	-18.0225	-3.49062	1.02215	
24	-14.3807	-5.61535	-0.0694151	
25	-12.5946	1.68821	2.18409	
26	-17.9803	0.651059	-0.889703	
27	-10.8329	4.86272	1.92781	
28	-12.6219	5.92669	5.5096	
29	-10.7937	9.04882	2.29087	
30	-18.0224	4.91024	-0.62249	
31	-12.5816	-4.52447	-1.942	
32	-14.392	4.87755	1.49843	
33	-16.1627	8.00415	0.423119	
34	-17.9911	-1.40494	4.5497	
35	-7.48367	17.65	-0.136939	
36	-7.19469	-9.77764	1.5431	
37	-9.03439	-12.9391	0.658065	
38	-7.32591	-16.1084	1.16968	
39	-14.4154	-9.76898	-0.288127	
40	-10.7854	-9.74355	1.39313	
41	-14.403	2.7355	0.933954	
42	-7.18567	-5.5886	3.25028	
43	-14.3821	-7.66325	1.38795	
44	-10.746	-1.40088	1.14846	
45	-12.5692	-2.46854	3.05645	
46	-7.19905	6.90417	1.43843	
47	-12.6053	10.1544	0.652273	
48	-9.18668	10.3672	1.70349	
49	-16.211	1.68719	1.815	
50	-12.6055	7.98145	1.17241	
51	-3.63974	11.0588	2.55831	
52	-5.2859	18.5997	0.871549	
53	-9.16523	14.5571	0.649558	
54	-2.23825	-19.0852	2.69572	
55	-12.5747	-6.62441	0.677929	
56	-12.5822	-8.71411	1.21975	
57	-3.63908	-13.9833	0.166486	
58	-10.7764	0.677902	0.700754	
59	-5.37531	-8.72129	-0.441529	
60	-14.3362	-1.40072	0.215258	
61	-1.78781	-8.66173	0.608962	
62	-8.98169	1.72888	-1.26257	
63	-7.17519	0.676486	1.29745	
64	-10.7743	2.77848	1.42977	
65	-16.202	3.78556	2.23118	
66	-5.39504	1.73686	-0.335278	
67	-10.806	6.98631	-1.21615	
68	-18.0012	2.7198	2.7889	
69	-7.3716	11.3254	0.785164	
70	-14.3836	9.03401	1.09294	
71	1.83715	16.1884	0.798979	
72	-12.5914	-12.877	-0.597444	
73	-10.9147	-14.0591	2.12813	
74	-5.38994	-6.64718	-0.17645	
75	0.0226242	-1.41607	1.00648	
76	-9.00195	-10.8262	1.06387	
77	-8.98412	-8.68924	2.65738	
78	-3.59075	-3.51862	0.459824	
79	-5.44266	7.97554	2.07551	
80	-7.19051	-7.6545	0.601121	
81	-14.4064	0.658639	2.73705	
82	-5.35892	-0.383242	-0.87355	
83	-9.00844	5.89717	1.99821	
84	-5.48	10.0941	0.148391	
85	-9.21397	12.4848	5.02819	
86	-12.626	3.77861	2.57787	
87	-7.32788	13.3936	2.3827	
88	1.83937	14.1218	0.920566	
89	-7.36444	15.5779	1.34992	
90	4.64038	-17.797	1.45342	
91	1.97493	-17.0534	1.27241	
92	-1.81864	-14.9438	2.01833	
93	-7.23659	-11.8821	2.14555	
94	-3.60067	-7.67347	1.40559	
95	0.0198363	-3.47729	0.56769	
96	-20.0294	-1.0874	1.41847	
97	-7.20616	-1.4246	2.28848	
98	-7.16465	4.82016	0.274892	
99	-5.38976	-2.46778	-0.410334	
100	-1.79558	-2.44916	1.45408	
101	-14.3487	11.3077	0.415447	
102	0.0510193	13.1119	0.746057	
103	-1.80663	7.91564	2.33884	
104	-11.0337	11.5033	1.81169	
105	-5.42992	16.3417	1.1545	
106	-5.455	14.2739	1.31844	
107	-3.59533	17.3205	1.6954	
108	-0.00194725	-13.9622	0.907767	
109	-7.2419	-13.9959	0.287936	
110	-5.41037	-12.8849	-0.657461	
111	-3.58904	-9.77196	2.49622	
112	3.6469	-5.57181	-0.53534	
113	-3.5893	-5.595	1.94448	
114	-10.7653	-7.63773	0.445262	
115	-3.59725	0.668424	0.300835	
116	-1.78653	-0.375131	-1.56878	
117	-7.17321	-3.50725	0.435966	
118	-8.98406	7.97256	0.184389	
119	-7.34404	9.21429	2.77411	
120	0.00946446	15.1713	0.899975	
121	-3.56943	2.74895	-0.0382271	
122	0.0133224	11.009	1.02657	
123	-3.676	13.1609	2.05015	
124	-3.6332	15.2451	1.50376	
125	0.0616857	17.2511	-0.647256	
126	0.0125001	-7.63399	-0.787195	
127	-5.4681	-15.1065	2.74669	
128	-1.78829	-12.8611	-0.0282462	
129	-5.38621	-10.7859	-2.22066	
130	-1.77513	-4.5272	0.201699	
131	1.79079	-12.8515	1.56929	
132	1.82636	-4.54534	0.21433	
133	3.64899	-1.44161	1.75835	
134	5.45701	-4.56419	1.69723	
135	1.87243	-0.394214	1.3413	
136	-3.57115	-1.40908	0.435606	
137	-5.35445	3.81563	1.50998	
138	-1.78233	10.0036	0.553927	
139	-3.62325	8.98972	1.81174	
140	-5.5031	12.2105	2.56073	
141	-1.8296	12.0831	2.15752	
142	-1.85881	14.1608	1.54285	
143	5.47715	12.0295	0.502418	
144	3.73736	-15.9271	0.138808	
145	-1.77934	-6.61032	2.79287	
146	6.06971	-12.7397	-0.197063	
147	-3.57768	-11.8346	0.845479	
148	5.44227	-2.48823	-0.500252	
149	-5.37338	-4.55158	2.2278	
150	0.0265358	-5.5679	-0.585817	
151	5.41845	-6.63392	3.14636	
152	0.0115987	2.73379	2.08288	
153	0.0268377	0.640758	1.68852	
154	-7.18631	2.76631	-0.465058	
155	-8.97617	3.80579	1.90027	
156	-1.764	5.83933	4.27145	
157	-1.81816	16.2743	0.955525	
158	10.9173	13.2303	0.531114	
159	3.6981	13.0617	-1.69213	
160	-0.00149214	8.93726	2.40127	
161	-1.7976	18.4737	0.514519	
162	-1.73622	-17.0681	1.8659	
163	-5.55289	-17.271	-0.614914	
164	3.57203	-13.8682	1.64359	
165	3.57012	-11.8067	1.08939	
166	3.60247	-9.70942	-0.302738	
167	0.00647013	-11.7831	2.13092	
168	5.45968	3.75423	-0.324045	
169	1.81085	-6.60919	1.48697	
170	9.08805	3.74919	2.20942	
171	3.66995	0.633803	1.49359	
172	-8.97259	-0.35675	-0.242825	
173	1.82338	1.68683	1.93624	
174	-3.60533	6.89562	2.03825	
175	5.44756	9.95751	3.2492	
176	0.0222056	4.80038	0.816426	
177	1.80686	9.97042	2.22822	
178	5.43482	16.2482	1.30624	
179	3.58166	19.4011	-0.339672	
180	7.4052	-11.1562	3.83052	
181	0.081642	-16.0605	3.18128	
182	-3.62914	-16.0818	2.09998	
183	0.0115803	-9.70539	-0.956471	
184	5.36343	-10.7831	-0.670965	
185	7.38466	-18.4244	1.88932	
186	5.48042	-8.73097	2.51074	
187	7.2895	2.72635	-1.29729	
188	3.63441	-3.51346	2.09831	
189	-3.55986	4.82811	0.537592	
190	0.0133595	6.87571	1.18724	
191	1.83327	3.74182	0.743836	
192	3.61126	6.85207	0.0669814	
193	3.62087	8.93489	0.31746	
194	7.24267	8.90577	1.06504	
195	1.82899	12.0508	-0.840396	
196	9.12889	16.2503	0.575086	
197	5.47342	18.3404	2.04693	
198	1.79147	-8.6613	-0.598262	
199	1.83693	-14.9791	0.25394	
200	5.45588	-14.7193	-0.926437	
201	13.6701	-10.9268	1.00161	
202	8.40846	-9.32497	3.12594	
203	9.05567	-2.53307	1.28439	
204	8.46424	-12.9251	0.524439	
205	3.61427	4.77488	-0.544453	
206	1.83766	-2.4533	1.3138	
207	10.9218	-1.42602	3.53062	
208	7.29796	-1.45616	-1.0194	
209	7.26402	0.609477	2.77569	
210	-1.78164	1.71126	3.7951	
211	9.04422	7.87866	-1.03631	
212	1.81009	5.82615	2.65522	
213	-1.76426	3.78405	-1.44091	
214	9.05475	12.0251	1.03723	
215	7.31104	17.3391	-0.652229	
216	5.68776	-19.6287	0.209435	
217	2.18745	-19.1162	3.02679	
218	11.7255	-14.636	2.23059	
219	7.21623	-7.63665	1.28259	
220	1.80311	-10.7407	-3.45366	
221	11.9654	-5.34902	-1.10479	
222	5.45394	1.66282	1.26142	
223	5.46774	-0.397599	0.854004	
224	1.82703	7.9022	1.01596	
225	7.2561	6.8563	-0.0159226	
226	-5.38573	5.88203	1.25093	
227	10.8968	4.82996	1.01565	
228	10.8916	2.76405	0.664518	
229	7.30165	13.1081	1.5679	
230	3.66059	10.9976	-0.644604	
231	1.82932	18.2969	1.68484	
232	3.61895	17.27	1.11548	
233	5.43665	7.89412	1.4062	
234	9.49351	-11.071	-0.212658	
235	-1.77841	-10.7537	0.0558476	
236	10.4901	-9.27234	0.723232	
237	9.65273	-14.6809	0.394187	
238	8.5347	-16.6208	1.95789	
239	5.42813	5.83206	-0.619164	
240	3.67234	2.71262	-1.34345	
241	3.60097	-7.64763	2.69049	
242	18.1513	2.79977	-0.204536	
243	12.7181	-0.386938	0.805859	
244	14.533	6.97781	-2.10711	
245	12.7083	7.97771	2.03193	
246	18.1801	5.00527	3.05399	
247	5.49139	14.1096	-1.24701	
248	10.9335	9.00516	3.4149	
249	14.4815	4.87537	0.0722017	
250	18.2323	0.668725	-0.110284	
251	3.6316	15.1838	2.99949	
252	7.53197	-14.7668	0.920455	
253	6.40543	-16.5862	3.21314	
254	16.745	-2.6752	3.00433	
255	12.5545	-9.19849	3.34158	
256	9.1394	-6.88845	3.49942	
257	7.37287	-5.56388	0.852295	
258	14.5697	2.79889	0.351862	
259	13.3022	-7.26086	0.399595	
260	15.3887	-6.88986	2.96558	
261	12.6685	5.88381	1.56942	
262	10.9472	-3.51699	1.5936	
263	9.04721	1.63755	1.38404	
264	10.8657	6.90285	-0.869125	
265	16.3106	5.91342	-0.268518	
266	10.8736	11.0678	2.58001	
267	9.08589	14.1638	5.32582	
268	7.251	10.988	0.522324	
269	7.29718	15.25	1.37431	
270	0.135082	-18.1453	1.0646	
271	7.23914	-3.50853	-2.46893	
272	10.5685	-12.8286	1.23527	
273	11.5877	-11.0447	1.72845	
274	14.5536	0.737793	2.88767	
275	12.8262	-2.60718	0.0201055	
276	12.7227	3.80559	2.33141	
277	10.8578	0.62879	0.917826	
278	9.34898	-4.8441	-0.0122472	
279	14.7523	-3.38904	-0.563593	
280	9.06905	5.81284	0.883046	
281	14.5817	-1.32823	1.38472	
282	16.3708	3.85498	3.1861	
283	7.25213	4.79352	0.47828	
284	12.6864	1.73017	0.867259	
285	12.77	10.0799	-0.854369	
286	9.07063	9.95934	-0.108062	
287	12.7605	12.1717	3.50297	
288	12.702	-12.7822	4.4097	
289	15.7261	-10.6584	0.728985	
290	16.1062	-4.92987	4.42679	
291	11.2439	-7.27736	0.567372	
292	16.4283	-0.418158	2.7187	
293	16.6334	-8.5323	1.76587	
294	14.6082	-8.89227	0.733192	
295	19.9607	1.80667	-1.89047	
296	14.0339	-5.3433	4.56055	
297	16.3955	1.66553	-0.390868	
298	9.06972	-0.419618	1.52972	
299	18.1029	-4.28989	0.698019
