   1.0000000e+00  -1.3400600e+01  -6.1950900e+00  -1.6359600e-01
   2.0000000e+00  -1.3217600e+01  -1.1789000e+01  -3.3946400e-01
   3.0000000e+00  -1.6175100e+01  -9.1325900e+00   2.0308800e+00
   4.0000000e+00  -1.6751300e+01   2.3304200e-01   3.0423100e+00
   5.0000000e+00  -1.5129600e+01  -2.9554800e+00   1.2469900e-01
   6.0000000e+00  -1.1501000e+01  -3.2187300e+00   1.7543500e+00
   7.0000000e+00  -1.3143200e+01   4.1394000e-02   1.6112500e+00
   8.0000000e+00  -1.6955100e+01  -3.9189000e+00  -9.8177000e-01
   9.0000000e+00  -1.5453800e+01  -1.1974000e+01   6.1936600e-01
   1.0000000e+01  -1.6987700e+01  -6.2048000e+00   1.7766500e+00
   1.1000000e+01  -1.8480000e+01   1.3635000e+00   1.4948300e+00
   1.2000000e+01  -1.6501600e+01   6.4569500e+00  -3.0053600e-01
   1.3000000e+01  -2.0186200e+01   4.5603000e+00   2.6848300e-01
   1.4000000e+01  -1.6437400e+01   8.5788400e+00   2.3092100e+00
   1.5000000e+01  -1.6850500e+01  -1.8392300e+00  -1.0444200e-01
   1.6000000e+01  -1.2890900e+01   6.2828700e+00   1.5917500e+00
   1.7000000e+01  -1.2781200e+01   1.2522400e+01  -1.2878400e+00
   1.8000000e+01  -1.4610400e+01   9.5644700e+00   1.1361500e+00
   1.9000000e+01  -1.2115700e+01  -1.3591400e+01   1.2283900e+00
   2.0000000e+01  -9.7383100e+00  -4.3187800e+00  -1.1796800e-01
   2.1000000e+01  -8.9299300e+00  -1.5273700e+01   9.4503700e-01
   2.2000000e+01  -1.1446000e+01  -5.4557200e+00   9.2772300e-01
   2.3000000e+01  -9.6740700e+00  -2.2491500e+00   1.0865300e+00
   2.4000000e+01  -1.8772800e+01  -5.0699600e+00   5.9225000e-01
   2.5000000e+01  -1.5240400e+01  -5.0522900e+00   1.6649300e+00
   2.6000000e+01  -1.3058000e+01   2.1044500e+00   3.0139500e-01
   2.7000000e+01  -1.8618200e+01  -7.3267700e-01  -4.6126000e-01
   2.8000000e+01  -9.3601800e+00   4.0374800e+00   2.3422100e+00
   2.9000000e+01  -1.1091000e+01   5.1620900e+00   3.1254100e+00
   3.0000000e+01  -9.1943300e+00   8.2127300e+00   2.2053700e+00
   3.1000000e+01  -1.8318000e+01   5.4847200e+00   6.5890100e-03
   3.2000000e+01  -1.3362800e+01  -4.1152200e+00   1.5254600e+00
   3.3000000e+01  -1.4747400e+01   5.3632000e+00   1.3717000e-01
   3.4000000e+01  -1.4687400e+01   7.4886400e+00   1.8017700e+00
   3.5000000e+01  -1.8737300e+01  -2.7986900e+00  -1.2126800e+00
   3.6000000e+01  -8.1222600e+00   1.6499400e+01   2.2721600e+00
   3.7000000e+01  -8.1323100e+00  -9.2993200e+00   2.3529700e+00
   3.8000000e+01  -1.0053400e+01  -1.3502200e+01   4.2205300e-01
   3.9000000e+01  -8.2952200e+00  -1.7227900e+01  -2.3161100e-01
   4.0000000e+01  -1.4327100e+01  -1.0057300e+01   9.8395800e-01
   4.1000000e+01  -1.1106700e+01  -1.1742600e+01  -4.2847300e-02
   4.2000000e+01  -1.4788400e+01   3.2745300e+00   1.4908200e+00
   4.3000000e+01  -8.0976100e+00  -5.5928200e+00   2.0950600e+00
   4.4000000e+01  -1.5192000e+01  -7.2222400e+00   1.5154900e+00
   4.5000000e+01  -1.1417800e+01  -1.1279500e+00  -2.4164400e-01
   4.6000000e+01  -1.3265900e+01  -2.0377600e+00   2.0425200e-01
   4.7000000e+01  -5.6479300e+00   5.8901500e+00   1.1262200e+00
   4.8000000e+01  -1.0967300e+01   9.3422400e+00  -1.6506200e-01
   4.9000000e+01  -9.1690100e+00   1.0361200e+01  -2.8362400e-02
   5.0000000e+01  -1.6646700e+01   2.2943700e+00   1.1661300e+00
   5.1000000e+01  -1.1010100e+01   7.2333000e+00   1.3623300e+00
   5.2000000e+01  -3.2533500e+00   9.8782800e+00   1.7946800e+00
   5.3000000e+01  -4.3166500e+00   1.8864500e+01   1.5402200e+00
   5.4000000e+01  -1.0962500e+01   1.3550100e+01   9.0192400e-01
   5.5000000e+01  -3.2744600e+00  -1.8507300e+01   3.3083900e+00
   5.6000000e+01  -1.3337200e+01  -8.2538100e+00   1.2842400e+00
   5.7000000e+01  -1.2176900e+01  -9.9414800e+00   1.7136800e+00
   5.8000000e+01  -4.8900900e+00  -1.4639200e+01   1.4452600e+00
   5.9000000e+01  -1.1293800e+01   9.8448700e-01   7.5504900e-01
   6.0000000e+01  -7.1122300e+00  -7.4549000e+00   1.9633500e+00
   6.1000000e+01  -1.4995200e+01  -8.7647900e-01   7.0014300e-01
   6.2000000e+01  -7.9942400e-01  -1.0908900e+01   3.4731600e+00
   6.3000000e+01  -9.5716200e+00  -1.4512900e-01   1.5464800e+00
   6.4000000e+01  -5.9755300e+00  -3.2638200e-01   1.8688500e+00
   6.5000000e+01  -1.1190100e+01   3.0631900e+00   2.0031000e+00
   6.6000000e+01  -1.6551100e+01   4.3717100e+00  -2.2687200e-03
   6.7000000e+01  -5.8731300e+00   1.7772700e+00   7.1700300e-01
   6.8000000e+01  -9.2504600e+00   6.1005400e+00   3.1244300e+00
   6.9000000e+01  -1.8412900e+01   3.4319600e+00   1.6440000e+00
   7.0000000e+01  -7.2049200e+00   1.1309700e+01   1.4784600e+00
   7.1000000e+01  -1.2815200e+01   8.3812800e+00  -6.4891800e-01
   7.2000000e+01   1.0591700e+00   1.7112200e+01   6.7240100e-01
   7.3000000e+01  -1.4188000e+01  -1.3609900e+01   1.4113000e-01
   7.4000000e+01  -1.1020000e+01  -1.5349900e+01   1.5424700e-01
   7.5000000e+01  -5.0268100e+00  -7.4149900e+00   9.4657300e-01
   7.6000000e+01   1.2534100e+00  -2.2178700e+00   5.4817800e-01
   7.7000000e+01  -9.1227000e+00  -1.1113000e+01   2.7063900e+00
   7.8000000e+01  -1.0200600e+01  -9.3157200e+00   2.9588000e+00
   7.9000000e+01  -4.0102200e+00  -5.6237400e+00   2.3562700e+00
   8.0000000e+01  -5.5367800e+00   7.9880500e+00   1.5956700e+00
   8.1000000e+01  -9.2230600e+00  -7.4748700e+00   3.4532300e-01
   8.2000000e+01  -1.4898700e+01   1.1703600e+00   1.2998100e+00
   8.3000000e+01  -4.2136000e+00  -1.4696100e+00   1.3324500e+00
   8.4000000e+01  -7.5040700e+00   5.0131600e+00   2.8548300e+00
   8.5000000e+01  -5.4489000e+00   1.0067400e+01   1.3216000e+00
   8.6000000e+01  -9.1204100e+00   1.2516200e+01   1.0970400e+00
   8.7000000e+01  -1.2939200e+01   4.2263300e+00   8.1438400e-01
   8.8000000e+01  -7.2552000e+00   1.3387300e+01   1.7432300e+00
   8.9000000e+01   9.9138200e-01   1.3484500e+01   1.9709600e-01
   9.0000000e+01  -9.1163100e+00   1.4642300e+01  -8.6878000e-01
   9.1000000e+01   3.6949400e+00  -1.8570300e+01   9.9921200e-01
   9.2000000e+01   1.4473300e+00  -1.7955900e+01   1.7237900e+00
   9.3000000e+01  -2.6398600e+00  -1.4624900e+01   1.9266100e+00
   9.4000000e+01  -8.0673200e+00  -1.2897000e+01   1.0536300e+00
   9.5000000e+01  -6.0374000e+00  -9.2531400e+00   1.5904900e+00
   9.6000000e+01   1.5803200e+00  -4.2711000e+00   2.3505800e+00
   9.7000000e+01  -2.0487700e+01  -1.6156100e+00  -8.5760500e-01
   9.8000000e+01  -6.0771800e+00  -2.3849100e+00   7.4075200e-01
   9.9000000e+01  -7.6035800e+00   2.9178500e+00   2.1148700e+00
   1.0000000e+02  -4.3699200e+00  -3.5586200e+00   2.7142300e+00
   1.0100000e+02  -4.3241300e-01  -3.7001900e+00  -8.0955900e-03
   1.0200000e+02  -1.2740200e+01   1.0455800e+01   7.3325700e-01
   1.0300000e+02  -1.0669000e+00   1.3512300e+01  -4.2171200e-01
   1.0400000e+02   8.4834400e-01   6.3125000e+00   1.5533800e+00
   1.0500000e+02  -1.0898900e+01   1.1493800e+01   7.1922000e-01
   1.0600000e+02  -5.5443000e+00   1.7196600e+01   2.6474700e+00
   1.0700000e+02  -6.4191200e+00   1.5277600e+01  -1.1621700e+00
   1.0800000e+02  -3.1354400e+00   1.7142400e+01  -4.8158300e-01
   1.0900000e+02  -5.3245700e-01  -1.4465300e+01  -3.9969400e-01
   1.1000000e+02  -6.9517300e+00  -1.4694600e+01  -3.7327500e-01
   1.1100000e+02  -5.9495900e+00  -1.2866300e+01  -2.0378500e+00
   1.1200000e+02  -3.9363100e+00  -9.1927900e+00   2.6527200e+00
   1.1300000e+02   3.5618500e+00  -4.8705600e+00   2.6188400e+00
   1.1400000e+02  -2.4074300e+00  -7.0970000e+00   1.6402700e+00
   1.1500000e+02  -1.1294000e+01  -7.5409600e+00   1.5661100e+00
   1.1600000e+02  -4.1514600e+00   6.4978300e-01   1.4430900e+00
   1.1700000e+02  -7.3849000e-01  -1.6482300e+00   1.5292400e+00
   1.1800000e+02  -7.8718800e+00  -3.3788000e+00   3.8417600e+00
   1.1900000e+02  -7.4021300e+00   7.0803400e+00   3.6791300e-01
   1.2000000e+02  -7.3601800e+00   9.1551700e+00   1.0492500e+00
   1.2100000e+02  -5.3794900e-02   1.5312900e+01   3.1897400e-01
   1.2200000e+02  -3.9569400e+00   2.7079700e+00   8.9642600e-01
   1.2300000e+02  -5.5833400e-02   1.1684900e+01   1.7636100e+00
   1.2400000e+02  -5.1985200e+00   1.3567200e+01  -8.5115100e-01
   1.2500000e+02  -4.3035800e+00   1.5421300e+01   6.9892400e-01
   1.2600000e+02  -1.0297500e+00   1.7132000e+01   1.1703500e+00
   1.2700000e+02  -2.5571900e-01  -7.8062300e+00   4.6769800e-01
   1.2800000e+02  -6.2335100e+00  -1.6636000e+01   2.8280000e+00
   1.2900000e+02  -3.8524000e+00  -1.2813900e+01   1.2957400e+00
   1.3000000e+02  -7.0685300e+00  -1.1108600e+01   1.3798600e+00
   1.3100000e+02  -2.0239100e+00  -5.0632100e+00   2.7724800e+00
   1.3200000e+02   1.4308200e+00  -1.3746200e+01   2.1659500e+00
   1.3300000e+02   1.9688400e+00  -6.2944000e+00  -6.5133500e-01
   1.3400000e+02   4.7279700e+00  -1.4006600e+00   8.5049800e-01
   1.3500000e+02   7.4644000e+00  -6.2336600e+00   1.0733600e+00
   1.3600000e+02   2.7372200e+00  -7.9243800e-01   1.1126100e-01
   1.3700000e+02  -2.5129700e+00  -2.6760800e+00  -4.9396800e-01
   1.3800000e+02  -5.7118200e+00   3.8268100e+00   8.2230100e-01
   1.3900000e+02  -1.1426800e+00   9.9230400e+00  -2.8774400e-01
   1.4000000e+02  -2.1738000e+00   8.1038700e+00   1.6229700e+00
   1.4100000e+02  -4.2296600e+00   1.1726600e+01   8.9789100e-01
   1.4200000e+02  -2.1209600e+00   1.1741000e+01   7.3257600e-01
   1.4300000e+02  -3.1371000e+00   1.3533100e+01   1.3765600e+00
   1.4400000e+02   5.1324200e+00   1.3381000e+01  -3.0640400e-02
   1.4500000e+02   3.9087400e+00  -1.6516600e+01   4.6375800e-01
   1.4600000e+02  -1.8768500e+00  -9.0975900e+00   1.0931800e+00
   1.4700000e+02   5.0794800e+00  -1.3033500e+01   6.2737600e-01
   1.4800000e+02  -4.9584800e+00  -1.1005800e+01   2.9696800e+00
   1.4900000e+02   6.6898200e+00  -2.0939100e+00   1.2236200e+00
   1.5000000e+02  -6.0396600e+00  -5.2015000e+00  -5.8694500e-01
   1.5100000e+02  -6.2742200e-02  -5.7408900e+00   2.8210900e+00
   1.5200000e+02   5.5215200e+00  -5.4989100e+00   1.4343000e+00
   1.5300000e+02   8.6068600e-02   2.4181300e+00   9.9640100e-01
   1.5400000e+02  -5.1585000e-01   4.1089300e-01   1.6652300e+00
   1.5500000e+02  -7.7114600e+00   8.1548800e-01   1.4027400e+00
   1.5600000e+02  -9.4427300e+00   1.9528000e+00  -3.9526900e-02
   1.5700000e+02  -2.4271400e-01   4.5631600e+00   7.3280600e-01
   1.5800000e+02  -2.1087000e+00   1.5346200e+01   3.1409300e+00
   1.5900000e+02   9.2704200e+00   1.3354300e+01   1.7905000e-01
   1.6000000e+02   2.0017000e+00   1.1681800e+01   1.3608400e+00
   1.6100000e+02  -1.0653100e-01   8.1267500e+00   9.9786600e-01
   1.6200000e+02  -2.0640400e+00   1.8960700e+01   1.8524000e+00
   1.6300000e+02  -2.0580300e+00  -1.6634200e+01   2.5730800e+00
   1.6400000e+02  -5.5054900e+00  -1.8704600e+01   1.7527600e+00
   1.6500000e+02   3.5433300e+00  -1.4409800e+01   4.4978100e-01
   1.6600000e+02   4.6633200e+00  -1.1013100e+01   2.6589800e+00
   1.6700000e+02   2.6971800e+00  -1.0367600e+01   1.3022000e+00
   1.6800000e+02  -1.7754600e+00  -1.2751400e+01   6.9186300e-01
   1.6900000e+02   5.9640100e+00   4.3344500e+00   2.2741400e+00
   1.7000000e+02   2.3949900e+00  -8.3027200e+00   2.4147200e+00
   1.7100000e+02   8.9627200e+00   2.4819200e+00   1.6935000e+00
   1.7200000e+02   4.2418300e+00   6.0987600e-01  -2.9750600e-01
   1.7300000e+02  -7.8491100e+00  -1.3102300e+00   2.9648400e+00
   1.7400000e+02   1.5030400e+00   8.8128600e-01   1.2655600e+00
   1.7500000e+02  -3.8218400e+00   6.8405700e+00   9.0523000e-01
   1.7600000e+02   7.1574500e+00   9.7513000e+00  -9.4553800e-01
   1.7700000e+02  -2.1175700e+00   3.6974400e+00   1.0815400e+00
   1.7800000e+02   9.5368800e-01   9.8794800e+00   2.1639200e+00
   1.7900000e+02   4.1230500e+00   1.5261300e+01   4.5884700e-01
   1.8000000e+02   2.1027300e+00   1.8917100e+01   8.3587500e-01
   1.8100000e+02   6.2819900e+00  -9.6628400e+00   9.5890600e-01
   1.8200000e+02   1.0220300e-03  -1.6459700e+01   3.4957400e+00
   1.8300000e+02  -4.1205100e+00  -1.6590000e+01   1.8118900e+00
   1.8400000e+02   1.1022000e+00  -1.1700000e+01   2.3004500e+00
   1.8500000e+02   4.3512900e+00  -8.9385300e+00  -1.2751600e+00
   1.8600000e+02   5.8870700e+00  -1.7155100e+01   2.2830900e+00
   1.8700000e+02   5.9144200e+00  -7.5894700e+00   1.4369500e+00
   1.8800000e+02   8.0496800e+00   4.3474100e+00   2.3907100e+00
   1.8900000e+02   5.1578700e+00  -3.4796300e+00  -3.5920500e-01
   1.9000000e+02  -3.8786200e+00   4.7767400e+00   1.3493400e+00
   1.9100000e+02   1.9521900e+00   8.0670900e+00  -2.9078800e-02
   1.9200000e+02   1.8115200e+00   4.3526700e+00   2.3365000e+00
   1.9300000e+02   4.9955700e+00   6.1470200e+00   1.7480600e+00
   1.9400000e+02   3.0220800e+00   9.8536500e+00   4.6449900e-01
   1.9500000e+02   8.1754200e+00   7.9378000e+00   1.2874900e+00
   1.9600000e+02   4.0928700e+00   1.1608600e+01   6.5745200e-01
   1.9700000e+02   8.3091200e+00   1.5194600e+01   1.9843300e+00
   1.9800000e+02   4.2869600e+00   1.8852700e+01   1.1007000e+00
   1.9900000e+02   7.7908100e-01  -9.5857300e+00   2.0605900e+00
   2.0000000e+02   1.9612800e+00  -1.5732700e+01  -2.5024100e-01
   2.0100000e+02   5.4990500e+00  -1.5126800e+01   8.0794000e-01
   2.0200000e+02   1.3816300e+01  -1.0461300e+01   2.2054500e+00
   2.0300000e+02   9.4392100e+00  -6.9631700e+00   1.3817000e+00
   2.0400000e+02   8.6415600e+00  -2.7472700e+00   6.4444700e-01
   2.0500000e+02   6.6531000e+00  -1.1688700e+01   2.2943800e+00
   2.0600000e+02   3.8875700e+00   4.3734600e+00   1.0419000e+00
   2.0700000e+02   3.2127500e+00  -2.8114500e+00   4.4157900e-01
   2.0800000e+02   1.2165800e+01  -2.1757500e+00   1.8697800e+00
   2.0900000e+02   8.2510400e+00  -7.2308900e-01   2.0741300e+00
   2.1000000e+02   6.9276500e+00   2.0316300e+00  -4.0951700e-01
   2.1100000e+02  -2.4085200e+00  -4.5735800e-01   5.7811400e-01
   2.1200000e+02   1.0251500e+01   7.8697600e+00   3.0634800e-01
   2.1300000e+02   2.9265000e+00   6.2123300e+00  -1.5227400e+00
   2.1400000e+02  -2.1880500e+00   1.5978500e+00  -2.2830600e-01
   2.1500000e+02   8.2313500e+00   1.1532100e+01   2.7713600e+00
   2.1600000e+02   5.2062500e+00   1.7014500e+01   2.0171400e+00
   2.1700000e+02   5.8498100e+00  -1.9247800e+01   1.0263700e+00
   2.1800000e+02   8.4667000e-01  -1.9919100e+01  -2.2980400e+00
   2.1900000e+02   1.1086300e+01  -1.5100900e+01  -1.2189600e+00
   2.2000000e+02   7.8576000e+00  -8.3278100e+00   3.0976500e+00
   2.2100000e+02   3.1024200e+00  -1.2384700e+01   1.0469500e+00
   2.2200000e+02   1.3043100e+01  -6.3260400e+00   9.4036600e-01
   2.2300000e+02   4.8774100e+00   2.5762100e+00   4.7719500e-01
   2.2400000e+02   6.2535700e+00   2.5832400e-02   1.5145400e+00
   2.2500000e+02   4.0031900e+00   7.9789700e+00   1.8950300e+00
   2.2600000e+02   9.1496200e+00   6.0916400e+00   1.8464700e+00
   2.2700000e+02  -1.8701500e+00   6.0175900e+00  -2.7208900e-01
   2.2800000e+02   1.2173400e+01   4.0579100e+00   8.7536300e-01
   2.2900000e+02   1.1023400e+01   2.3004300e+00   3.0532700e+00
   2.3000000e+02   7.1922000e+00   1.3386500e+01   1.1210500e-01
   2.3100000e+02   5.0771400e+00   9.7896800e+00   2.6540000e+00
   2.3200000e+02  -1.8056500e-03   1.8927900e+01   1.0380000e+00
   2.3300000e+02   3.1466800e+00   1.7083500e+01   8.9166900e-01
   2.3400000e+02   6.0851000e+00   7.9869700e+00   1.7954200e+00
   2.3500000e+02   8.2708200e+00  -1.0392800e+01   2.8179500e-01
   2.3600000e+02  -2.8584600e+00  -1.0976400e+01   1.0228200e+00
   2.3700000e+02   9.8152600e+00  -9.0234400e+00   7.5177800e-01
   2.3800000e+02   8.6480600e+00  -1.2408200e+01  -1.2676100e+00
   2.3900000e+02   9.0546700e+00  -1.4476600e+01   9.5194300e-01
   2.4000000e+02   7.0870800e+00   6.1693300e+00   1.0513400e+00
   2.4100000e+02   2.8039900e+00   2.5466900e+00   1.5713000e+00
   2.4200000e+02   3.9744800e+00  -6.8884600e+00  -1.6968500e+00
   2.4300000e+02   1.8348600e+01   4.0100300e+00   1.6244900e+00
   2.4400000e+02   1.3693900e+01  -7.7675500e-01   3.0056700e+00
   2.4500000e+02   1.4386500e+01   7.9237100e+00   6.9825900e-01
   2.4600000e+02   1.3381100e+01   9.7507800e+00   1.1111500e+00
   2.4700000e+02   1.7467400e+01   5.9640100e+00  -3.5190800e-01
   2.4800000e+02   3.0588400e+00   1.3466500e+01  -5.2245800e-01
   2.4900000e+02   1.0306400e+01   1.1556800e+01   6.8693400e-01
   2.5000000e+02   1.5377600e+01   6.0489000e+00   1.2810400e+00
   2.5100000e+02   1.9033400e+01   1.0042700e+00   2.1348300e+00
   2.5200000e+02   2.0457200e+00   1.5279800e+01   9.5413200e-01
   2.5300000e+02   7.0699900e+00  -1.3773000e+01  -1.8833500e-02
   2.5400000e+02   7.4773000e+00  -1.5838000e+01   2.3620400e-01
   2.5500000e+02   1.7839800e+01  -2.3563000e+00   5.6095700e-01
   2.5600000e+02   1.1770400e+01  -9.6659300e+00   2.2321200e+00
   2.5700000e+02   1.1035700e+01  -5.6147000e+00   1.2943800e+00
   2.5800000e+02   9.0500600e+00  -4.9124100e+00  -1.3472900e+00
   2.5900000e+02   1.5123900e+01   2.3938000e+00   7.0977800e-01
   2.6000000e+02   1.4972800e+01  -7.0464400e+00   5.0841500e-01
   2.6100000e+02   1.7002500e+01  -7.8456700e+00   2.6189900e+00
   2.6200000e+02   1.3306900e+01   6.1203600e+00   1.6451600e+00
   2.6300000e+02   1.2552800e+01  -4.1930900e+00   1.9476600e+00
   2.6400000e+02   9.8382400e+00   5.9874000e-01   1.2382100e+00
   2.6500000e+02   1.2328000e+01   7.9327100e+00   4.3098600e-01
   2.6600000e+02   1.6548200e+01   7.7982200e+00   1.2576700e-02
   2.6700000e+02   1.2372300e+01   1.1541600e+01   2.5934300e+00
   2.6800000e+02   1.0375900e+01   1.5189700e+01  -1.4125900e+00
   2.6900000e+02   6.1608100e+00   1.1563500e+01   3.1100300e+00
   2.7000000e+02   6.1845500e+00   1.5181400e+01   1.7450500e+00
   2.7100000e+02  -6.3479000e-01  -1.8439700e+01  -5.3091900e-01
   2.7200000e+02   7.1002000e+00  -4.1688500e+00   1.2482100e+00
   2.7300000e+02   1.0219400e+01  -1.1057400e+01   3.2106900e+00
   2.7400000e+02   1.2171200e+01  -1.1698100e+01   2.0185800e+00
   2.7500000e+02   1.5428400e+01   3.6323100e-01   3.1953600e+00
   2.7600000e+02   1.4131600e+01  -2.8447000e+00   1.5151100e+00
   2.7700000e+02   1.4231100e+01   4.2617500e+00   2.3688200e+00
   2.7800000e+02   1.1863900e+01   1.9983300e-01   1.5343900e+00
   2.7900000e+02   1.0568900e+01  -3.4774900e+00  -5.4178800e-01
   2.8000000e+02   1.6237800e+01  -3.7286000e+00   4.3561600e-01
   2.8100000e+02   1.1203900e+01   6.0274300e+00   1.2070000e+00
   2.8200000e+02   1.5853500e+01  -1.6618100e+00  -2.5898600e-01
   2.8300000e+02   1.6290300e+01   4.0978900e+00   1.6285500e+00
   2.8400000e+02   1.0102200e+01   4.2375400e+00   2.2494400e+00
   2.8500000e+02   1.3063300e+01   1.9619100e+00  -1.8352800e+00
   2.8600000e+02   1.1275200e+01   9.7222300e+00   1.0149300e-01
   2.8700000e+02   9.2250200e+00   9.7286600e+00  -3.9053300e-01
   2.8800000e+02   1.1399700e+01   1.3383200e+01   2.3846300e+00
   2.8900000e+02   1.0648500e+01  -1.3080300e+01   8.3011700e-01
   2.9000000e+02   1.2697800e+01  -1.3762100e+01   1.0550600e+00
   2.9100000e+02   1.6666900e+01  -5.7708400e+00  -5.5217900e-01
   2.9200000e+02   1.1437300e+01  -7.6340900e+00   1.0704500e+00
   2.9300000e+02   1.7401200e+01  -2.8403000e-01   9.5807500e-01
   2.9400000e+02   1.5391800e+01  -9.1405500e+00   3.0101300e+00
   2.9500000e+02   1.3450100e+01  -8.4323100e+00   1.3013800e+00
   2.9600000e+02   2.0210900e+01   3.0109300e+00   3.8427400e+00
   2.9700000e+02   1.4540100e+01  -4.9085200e+00   1.0348600e+00
   2.9800000e+02   1.7134100e+01   1.8729500e+00   2.6378000e-01
   2.9900000e+02   1.0248900e+01  -1.4278500e+00   2.3139500e+00
   3.0000000e+02   1.8236100e+01  -4.4120600e+00   1.1821800e+00
