   1.0000000e+00  -1.1490100e+01  -5.7297300e+00   1.5651100e+00
   2.0000000e+00  -1.3534300e+01  -1.0925500e+01   3.1640900e-01
   3.0000000e+00  -1.7133700e+01  -8.8711600e+00   1.2405500e+00
   4.0000000e+00  -1.6960400e+01  -4.2685600e-01   4.2821500e-01
   5.0000000e+00  -1.5109200e+01  -3.6073100e+00   1.7104500e+00
   6.0000000e+00  -1.1545300e+01  -3.5555600e+00  -1.8455400e-01
   7.0000000e+00  -1.3087200e+01   1.5120500e-01   5.2622400e-01
   8.0000000e+00  -1.6894700e+01  -4.6544300e+00   9.9426800e-01
   9.0000000e+00  -1.5473800e+01  -1.1879600e+01   8.5691800e-01
   1.0000000e+01  -1.6906500e+01  -6.7137900e+00   1.0732300e+00
   1.1000000e+01  -1.9990000e+01   2.5101900e+00  -2.8740200e-01
   1.2000000e+01  -1.6669500e+01   7.8390400e+00   1.8664200e+00
   1.3000000e+01  -1.9474300e+01   5.1556400e+00   2.1125000e+00
   1.4000000e+01  -1.6009200e+01   9.8023300e+00  -5.2576700e-01
   1.5000000e+01  -1.6967000e+01  -2.5866500e+00   1.4967300e+00
   1.6000000e+01  -1.3308200e+01   6.4338000e+00   1.1114800e-01
   1.7000000e+01  -1.2384000e+01   1.3859100e+01   2.4295400e+00
   1.8000000e+01  -1.5253700e+01   1.1716900e+01   2.3799600e-01
   1.9000000e+01  -1.1949200e+01  -1.2243400e+01   2.0539100e+00
   2.0000000e+01  -9.7510200e+00  -4.5633600e+00   3.5199700e-02
   2.1000000e+01  -1.0502200e+01  -1.5584200e+01   2.3984000e+00
   2.2000000e+01  -9.7303900e+00  -6.8959100e+00   2.5801900e-01
   2.3000000e+01  -9.8182800e+00  -2.4080700e+00   1.1206100e+00
   2.4000000e+01  -1.8688700e+01  -5.6799100e+00   9.2321800e-01
   2.5000000e+01  -1.5106300e+01  -5.6781600e+00   1.2193500e+00
   2.6000000e+01  -1.2555100e+01   2.7578100e+00   1.2437700e+00
   2.7000000e+01  -1.8467900e+01   1.0224500e+00   8.6016600e-01
   2.8000000e+01  -9.8800200e+00   5.1255000e+00   2.1279800e-01
   2.9000000e+01  -1.2005200e+01   4.8277800e+00   1.2361100e+00
   3.0000000e+01  -9.8027500e+00   1.0172200e+01   9.6118900e-01
   3.1000000e+01  -1.7479700e+01   5.7246100e+00   1.1432900e+00
   3.2000000e+01  -1.3311500e+01  -4.6135800e+00   1.1610100e+00
   3.3000000e+01  -1.5428200e+01   6.1661400e+00   1.4278900e+00
   3.4000000e+01  -1.4609000e+01   8.0630300e+00   1.8269400e+00
   3.5000000e+01  -1.8780300e+01  -1.4948100e+00   2.4939400e+00
   3.6000000e+01  -8.0134500e+00   1.7570900e+01   2.2355300e+00
   3.7000000e+01  -8.1002000e+00  -1.0554000e+01   6.9273700e-01
   3.8000000e+01  -1.0216800e+01  -1.3492400e+01   7.6463200e-01
   3.9000000e+01  -8.9052300e+00  -1.6919600e+01   1.1291700e+00
   4.0000000e+01  -1.5293300e+01  -9.7967300e+00   1.9681100e+00
   4.1000000e+01  -1.1643100e+01  -1.0011200e+01   8.3257500e-01
   4.2000000e+01  -1.4623100e+01   2.5378500e+00   7.2674800e-01
   4.3000000e+01  -8.0015600e+00  -5.6812700e+00   6.4493800e-01
   4.4000000e+01  -1.5081700e+01  -7.7406600e+00   1.9490000e+00
   4.5000000e+01  -1.1622200e+01  -1.3228200e+00   2.3225300e+00
   4.6000000e+01  -1.3323000e+01  -2.4950500e+00   5.0759000e-01
   4.7000000e+01  -6.2878900e+00   6.6856400e+00   1.8186400e-01
   4.8000000e+01  -1.1861700e+01   1.0311400e+01  -1.9736300e-01
   4.9000000e+01  -1.1097100e+01   1.2215400e+01   1.3163200e+00
   5.0000000e+01  -1.6624000e+01   1.9995000e+00   2.2957400e+00
   5.1000000e+01  -1.1196400e+01   6.7337000e+00   1.9842400e+00
   5.2000000e+01  -4.1667500e+00   1.1759800e+01   8.3284700e-01
   5.3000000e+01  -4.7958000e+00   1.9285700e+01   2.2155800e-01
   5.4000000e+01  -1.1271300e+01   1.5588800e+01   5.4128400e-01
   5.5000000e+01  -2.2181700e+00  -1.9930700e+01   1.0760100e+00
   5.6000000e+01  -1.3258700e+01  -6.7880600e+00   9.1481400e-01
   5.7000000e+01  -1.3349900e+01  -8.8599600e+00   9.6512100e-01
   5.8000000e+01  -5.0954300e+00  -1.5192200e+01   1.4061900e+00
   5.9000000e+01  -1.1248100e+01   1.1649700e+00   1.9907400e+00
   6.0000000e+01  -6.3942800e+00  -9.3741400e+00   4.9671600e-01
   6.1000000e+01  -1.5160500e+01  -1.5323600e+00   6.2710900e-01
   6.2000000e+01  -2.6610100e+00  -1.0420000e+01   1.8375800e-01
   6.3000000e+01  -8.9622800e+00   1.7358900e+00  -3.1083100e-02
   6.4000000e+01  -7.2345600e+00   5.6149000e-01  -1.3233800e-01
   6.5000000e+01  -1.0511000e+01   3.1603500e+00   6.4496100e-01
   6.6000000e+01  -1.6068200e+01   4.0425000e+00   1.5222100e+00
   6.7000000e+01  -5.2106300e+00   9.7179600e-01   1.0391600e+00
   6.8000000e+01  -9.6364600e+00   8.1092400e+00   2.1865900e+00
   6.9000000e+01  -1.8065700e+01   3.4918300e+00  -1.0077700e+00
   7.0000000e+01  -9.0369000e+00   1.2089400e+01   1.0876100e+00
   7.1000000e+01  -1.2520600e+01   8.3682000e+00   1.4881100e+00
   7.2000000e+01   1.4171400e+00   1.7770900e+01   1.9100700e+00
   7.3000000e+01  -1.3834100e+01  -1.3118300e+01  -2.3134300e-02
   7.4000000e+01  -1.2149200e+01  -1.4308600e+01   1.3226000e+00
   7.5000000e+01  -6.2673900e+00  -6.8032600e+00   3.4934900e-01
   7.6000000e+01   9.1386500e-01  -1.9610500e+00   1.1947600e+00
   7.7000000e+01  -1.0037300e+01  -1.1367000e+01   5.7834100e-01
   7.8000000e+01  -9.7312300e+00  -9.1230600e+00   2.3696000e+00
   7.9000000e+01  -4.5574400e+00  -5.6567800e+00   1.1002000e+00
   8.0000000e+01  -5.0757000e+00   8.3467400e+00  -7.0423400e-01
   8.1000000e+01  -7.9655100e+00  -7.9877300e+00   1.3425200e+00
   8.2000000e+01  -1.5147000e+01   5.3034500e-01   2.0989500e+00
   8.3000000e+01  -6.2352700e+00  -2.3451900e+00   1.3249300e+00
   8.4000000e+01  -8.3416700e+00   6.5088800e+00   2.1514500e+00
   8.5000000e+01  -5.6729300e+00   1.0340100e+01   9.5051000e-01
   8.6000000e+01  -9.9976000e+00   1.3966100e+01   1.9614900e-01
   8.7000000e+01  -1.4052000e+01   4.5191200e+00   1.1666300e+00
   8.8000000e+01  -7.9211500e+00   1.3823000e+01   1.1804200e+00
   8.9000000e+01   9.2842600e-01   1.4258200e+01   1.1356800e+00
   9.0000000e+01  -9.2198400e+00   1.5869400e+01   2.3587000e+00
   9.1000000e+01   4.5469500e+00  -1.7307600e+01   6.3864800e-01
   9.2000000e+01   2.3351500e+00  -1.7949400e+01   2.8115100e+00
   9.3000000e+01  -1.4732700e+00  -1.5773500e+01   1.0472700e+00
   9.4000000e+01  -8.3454900e+00  -1.2619300e+01   8.3121700e-01
   9.5000000e+01  -4.6814100e+00  -8.1276700e+00   1.2215500e+00
   9.6000000e+01   9.5938400e-01  -4.0932900e+00   9.5778900e-01
   9.7000000e+01  -2.0312300e+01  -7.2163500e-02   2.1162100e+00
   9.8000000e+01  -8.0327500e+00  -1.3405400e+00   1.5342000e+00
   9.9000000e+01  -6.4869400e+00   4.6230400e+00   5.2747400e-01
   1.0000000e+02  -4.4975000e+00  -3.4363800e+00   1.5034600e+00
   1.0100000e+02  -8.0284700e-01  -5.2520800e+00   1.0073200e+00
   1.0200000e+02  -1.3905500e+01   1.0006700e+01   1.2573600e+00
   1.0300000e+02  -1.1369200e+00   1.4453800e+01   1.0544300e+00
   1.0400000e+02  -9.5134400e-01   6.8998100e+00   6.4606700e-01
   1.0500000e+02  -1.3211400e+01   1.1952000e+01   1.8157100e+00
   1.0600000e+02  -5.8713200e+00   1.7510300e+01   1.2633100e+00
   1.0700000e+02  -7.0203900e+00   1.5678300e+01   4.4115700e-01
   1.0800000e+02  -3.8082900e+00   1.7411900e+01   1.4430200e+00
   1.0900000e+02   4.9061400e-01  -1.4871500e+01   8.3702100e-01
   1.1000000e+02  -8.5840100e+00  -1.4826000e+01   7.0342200e-01
   1.1100000e+02  -6.7361800e+00  -1.3925500e+01  -3.8072800e-01
   1.1200000e+02  -4.7351100e+00  -1.0598800e+01   8.0477500e-01
   1.1300000e+02   2.8150300e+00  -5.2737900e+00   1.9403900e+00
   1.1400000e+02  -2.6017200e+00  -6.2922400e+00   1.1440500e+00
   1.1500000e+02  -1.1522100e+01  -7.9163800e+00   1.8064900e-01
   1.1600000e+02  -4.6473300e+00  -1.0215500e+00   4.5718300e-01
   1.1700000e+02  -9.0680600e-01  -2.9161500e+00   1.4185500e+00
   1.1800000e+02  -8.0053300e+00  -3.4451400e+00   4.2875100e-02
   1.1900000e+02  -7.4697000e+00   8.3759800e+00   4.4741400e-01
   1.2000000e+02  -7.7621100e+00   1.0439800e+01   3.8635200e-01
   1.2100000e+02   1.1417200e-01   1.6176300e+01   3.3454200e+00
   1.2200000e+02  -3.3712200e+00   1.9099400e+00   9.1625000e-01
   1.2300000e+02  -1.9925400e-01   1.2526000e+01   1.5640300e+00
   1.2400000e+02  -5.1247600e+00   1.3603900e+01   9.8486500e-01
   1.2500000e+02  -4.9228000e+00   1.5657900e+01   2.2302100e+00
   1.2600000e+02  -6.6623100e-01   1.8097800e+01   1.1281100e+00
   1.2700000e+02  -8.4893000e-01  -9.4090800e+00   1.4528500e+00
   1.2800000e+02  -6.9867600e+00  -1.6141700e+01   2.2846500e+00
   1.2900000e+02  -3.1449900e+00  -1.4533800e+01   2.7332200e-02
   1.3000000e+02  -6.4373900e+00  -1.1792400e+01   1.6574800e+00
   1.3100000e+02  -2.5647200e+00  -4.1885900e+00   1.6069000e+00
   1.3200000e+02   8.3472800e-01  -1.2821700e+01   1.5705400e+00
   1.3300000e+02   9.8683000e-01  -6.2773200e+00   1.3439500e+00
   1.3400000e+02   4.6441100e+00  -2.1838700e+00  -5.2139800e-01
   1.3500000e+02   6.4061700e+00  -5.3290000e+00   5.2477700e-01
   1.3600000e+02   2.8333900e+00  -1.1064400e+00   5.6859600e-01
   1.3700000e+02  -2.8898900e+00  -2.1505700e+00   3.5622300e-01
   1.3800000e+02  -4.7019600e+00   3.4956200e+00   1.1734600e+00
   1.3900000e+02  -3.2223500e+00   7.4094200e+00   8.6637600e-01
   1.4000000e+02  -3.5606000e+00   9.7514600e+00   2.7369600e+00
   1.4100000e+02  -6.6609100e+00   1.2196800e+01   2.4350500e+00
   1.4200000e+02  -2.2516700e+00   1.2617300e+01   1.5143800e+00
   1.4300000e+02  -3.2018200e+00   1.4493800e+01   6.3759300e-01
   1.4400000e+02   4.0079600e+00   1.2142400e+01   1.8726500e+00
   1.4500000e+02   4.2591600e+00  -1.5191800e+01   1.2329200e+00
   1.4600000e+02  -2.6335200e+00  -8.3519400e+00   5.0703900e-01
   1.4700000e+02   6.2282000e+00  -1.1712600e+01   1.2346200e+00
   1.4800000e+02  -4.8260300e+00  -1.3147900e+01   2.4077000e-01
   1.4900000e+02   6.5093700e+00  -1.1629000e+00   1.3836000e+00
   1.5000000e+02  -6.2540100e+00  -4.5199000e+00   2.2525500e+00
   1.5100000e+02  -8.1015900e-01  -7.3287600e+00   1.9416200e+00
   1.5200000e+02   4.6283200e+00  -6.3938900e+00   1.1022700e+00
   1.5300000e+02   2.0822200e+00   2.6524200e+00   9.8017300e-01
   1.5400000e+02  -7.6133600e-01  -7.6181300e-01   3.1846700e-01
   1.5500000e+02  -6.6167500e+00   2.5467700e+00   1.7566400e+00
   1.5600000e+02  -8.3645100e+00   3.7222000e+00   1.2898300e+00
   1.5700000e+02  -4.8136600e-01   4.8922400e+00   1.5750900e+00
   1.5800000e+02  -2.0487200e+00   1.6324200e+01   1.8205300e+00
   1.5900000e+02   1.0224000e+01   1.3589900e+01   1.0956500e+00
   1.6000000e+02   1.8957100e+00   1.2232300e+01   9.3156600e-01
   1.6100000e+02  -1.6995600e+00   8.8488300e+00  -1.6236000e-01
   1.6200000e+02  -2.5498200e+00   1.9031700e+01   7.1262800e-01
   1.6300000e+02  -1.8748500e+00  -1.7897800e+01  -4.9602700e-01
   1.6400000e+02  -7.1095200e+00  -1.8225300e+01  -4.1184600e-01
   1.6500000e+02   2.6830200e+00  -1.3864500e+01  -3.9911400e-01
   1.6600000e+02   4.4195600e+00  -1.2727200e+01   7.9481400e-01
   1.6700000e+02   2.6748600e+00  -9.5388700e+00   1.8422500e+00
   1.6800000e+02  -1.2172000e+00  -1.3697100e+01   2.3082200e+00
   1.6900000e+02   5.3413700e+00   5.0933500e+00   6.3095400e-02
   1.7000000e+02   9.8370500e-01  -8.3592500e+00   1.9005500e+00
   1.7100000e+02   8.7333100e+00   2.7525900e+00   1.4380500e+00
   1.7200000e+02   3.1684300e+00   9.1544800e-01   8.1404200e-01
   1.7300000e+02  -9.7954400e+00  -2.8719200e-01   2.9898200e+00
   1.7400000e+02   1.1269900e+00   4.1890500e-01   1.5837300e+00
   1.7500000e+02  -4.5663300e+00   5.5493500e+00   8.3934100e-01
   1.7600000e+02   5.6344200e+00   9.2135200e+00   1.7821800e+00
   1.7700000e+02   2.3527300e-02   2.8959900e+00   1.7387800e+00
   1.7800000e+02  -4.0187000e-01   1.0464100e+01   6.1021100e-01
   1.7900000e+02   4.3144100e+00   1.5585400e+01   8.9278200e-01
   1.8000000e+02   2.6662300e+00   1.9401500e+01  -3.6711300e-01
   1.8100000e+02   6.2417300e+00  -9.6456100e+00   2.7289500e-01
   1.8200000e+02   2.0961900e-01  -1.6971400e+01   2.0713000e+00
   1.8300000e+02  -3.6302100e+00  -1.6680000e+01   1.6730600e+00
   1.8400000e+02  -9.3007400e-01  -1.1629800e+01   8.9463200e-01
   1.8500000e+02   4.4372300e+00  -1.0640800e+01   9.8597400e-01
   1.8600000e+02   6.5023200e+00  -1.8237900e+01   1.3348200e+00
   1.8700000e+02   4.4734900e+00  -8.5102700e+00   1.0408800e+00
   1.8800000e+02   6.9029400e+00   3.7557900e+00   4.3029400e-01
   1.8900000e+02   4.6003400e+00  -4.2454400e+00   1.7840600e+00
   1.9000000e+02  -1.9546900e+00   3.4316000e+00   1.3211700e+00
   1.9100000e+02   3.3871800e-01   8.5230500e+00   3.6687800e-01
   1.9200000e+02   1.5582500e+00   4.6472700e+00   8.5593400e-01
   1.9300000e+02   5.3241200e+00   7.1730300e+00   1.2299500e+00
   1.9400000e+02   2.6701900e+00   8.2575600e+00   1.0985100e-01
   1.9500000e+02   9.1047600e+00   6.8816600e+00   7.7528400e-01
   1.9600000e+02   1.6739800e+00   1.0181100e+01   8.7662300e-01
   1.9700000e+02   8.1857100e+00   1.6355400e+01   1.4352000e+00
   1.9800000e+02   4.8931000e+00   1.9191700e+01   1.0223700e+00
   1.9900000e+02   8.7290800e-01  -1.0546000e+01   1.4172100e+00
   2.0000000e+02   2.2848500e+00  -1.5890500e+01   2.3669700e-01
   2.0100000e+02   6.0300400e+00  -1.4035600e+01   1.6370400e+00
   2.0200000e+02   1.3510300e+01  -9.9036600e+00   1.3246400e+00
   2.0300000e+02   8.1234300e+00  -8.6459000e+00   2.0403000e+00
   2.0400000e+02   8.1981000e+00  -4.3054300e+00   1.0892600e+00
   2.0500000e+02   8.0134400e+00  -1.2802200e+01   9.3430900e-01
   2.0600000e+02   3.5371500e+00   4.0937300e+00   2.1727800e-01
   2.0700000e+02   2.7984300e+00  -3.1675400e+00   1.8120400e+00
   2.0800000e+02   1.0326500e+01  -5.9058700e-01   1.0894800e+00
   2.0900000e+02   8.5618300e+00  -1.6796900e+00   2.1897800e+00
   2.1000000e+02   8.5814300e+00   5.5405400e-01   7.7200200e-01
   2.1100000e+02  -2.8116100e+00  -8.8957800e-02   1.2435600e+00
   2.1200000e+02   9.2706900e+00   8.9223000e+00   2.2819700e+00
   2.1300000e+02   1.3194900e+00   6.6900000e+00   1.0458900e+00
   2.1400000e+02  -1.2492900e+00   1.2805900e+00   1.0384100e+00
   2.1500000e+02   7.6991100e+00   1.2265900e+01   1.3497100e+00
   2.1600000e+02   5.6419500e+00   1.7265300e+01   2.3897300e+00
   2.1700000e+02   4.7633100e+00  -1.9397900e+01   1.8650800e+00
   2.1800000e+02   2.7501200e+00  -1.9990500e+01   1.8555200e+00
   2.1900000e+02   1.1529000e+01  -1.5095300e+01   8.6370100e-01
   2.2000000e+02   6.3408900e+00  -7.5528900e+00  -6.1880900e-01
   2.2100000e+02   2.5913500e+00  -1.1720600e+01   9.3550700e-02
   2.2200000e+02   1.1731200e+01  -4.4021100e+00   1.0275000e-01
   2.2300000e+02   6.8337200e+00   1.6707400e+00   1.9405700e+00
   2.2400000e+02   5.1501000e+00   3.8146300e-01   3.2454200e+00
   2.2500000e+02   3.3912000e+00   6.1817300e+00   9.7270200e-01
   2.2600000e+02   8.8858000e+00   4.8300900e+00   1.4605400e-01
   2.2700000e+02  -2.4930900e+00   5.4356100e+00   1.7353000e+00
   2.2800000e+02   1.2563700e+01   4.5379800e+00   1.5673300e+00
   2.2900000e+02   1.2289100e+01   2.4522200e+00   1.9180000e+00
   2.3000000e+02   5.8992200e+00   1.3332900e+01   3.0368200e-01
   2.3100000e+02   3.7483200e+00   1.0091500e+01   5.2790600e-01
   2.3200000e+02  -7.4737200e-01   2.0160700e+01   1.5014000e+00
   2.3300000e+02   3.5451000e+00   1.7507200e+01   5.8997600e-01
   2.3400000e+02   7.3669500e+00   8.0585500e+00   9.8050600e-01
   2.3500000e+02   8.0286600e+00  -1.0703400e+01  -5.2108500e-01
   2.3600000e+02  -2.8905900e+00  -1.2477500e+01   1.5269100e+00
   2.3700000e+02   9.8854400e+00  -9.7616100e+00   2.7181800e-01
   2.3800000e+02   9.7991600e+00  -1.3963800e+01   2.9883700e+00
   2.3900000e+02   9.6385800e+00  -1.6019900e+01   2.9180400e+00
   2.4000000e+02   7.1786800e+00   5.9988700e+00   1.9803500e+00
   2.4100000e+02   4.8647400e+00   2.4642500e+00   5.5008600e-01
   2.4200000e+02   2.7783100e+00  -7.3445300e+00   6.1641200e-01
   2.4300000e+02   1.7789200e+01   3.0575900e+00   6.8011600e-01
   2.4400000e+02   1.3624500e+01  -1.2305800e+00   2.9866300e-01
   2.4500000e+02   1.4395700e+01   5.4814600e+00   2.0786900e+00
   2.4600000e+02   1.2953400e+01   8.9087400e+00   5.6592600e-01
   2.4700000e+02   1.6302600e+01   6.3855900e+00  -1.4032000e+00
   2.4800000e+02   3.0344600e+00   1.3961300e+01   1.3652500e+00
   2.4900000e+02   9.4453300e+00   1.1158600e+01   2.2274500e-02
   2.5000000e+02   1.6150900e+01   4.3303400e+00   5.6070700e-01
   2.5100000e+02   1.9473600e+01   8.9461200e-01   1.4382000e+00
   2.5200000e+02   2.2296700e+00   1.5859000e+01   8.2937000e-01
   2.5300000e+02   7.9184200e+00  -1.4872000e+01  -8.0900200e-01
   2.5400000e+02   6.3132500e+00  -1.6159400e+01   6.5081000e-01
   2.5500000e+02   1.8949500e+01  -2.3568600e+00   9.6730300e-01
   2.5600000e+02   1.1702300e+01  -8.7680100e+00   2.9899500e-01
   2.5700000e+02   9.9358800e+00  -7.6583100e+00   4.9262300e-01
   2.5800000e+02   8.1589400e+00  -6.5021900e+00  -2.1887700e-01
   2.5900000e+02   1.5904800e+01   2.0956700e+00   3.4901100e-01
   2.6000000e+02   1.3545800e+01  -5.5895600e+00  -2.1110900e-01
   2.6100000e+02   1.5356600e+01  -6.7493700e+00  -3.2256200e-01
   2.6200000e+02   1.2793800e+01   6.7907200e+00   1.0655500e+00
   2.6300000e+02   1.1759300e+01  -2.0992200e+00   9.5611500e-01
   2.6400000e+02   1.0426500e+01   1.5348200e+00   2.6348300e+00
   2.6500000e+02   1.1021000e+01   7.8361000e+00   1.7790400e-01
   2.6600000e+02   1.4668800e+01   7.7032700e+00   1.5362200e+00
   2.6700000e+02   1.1463100e+01   1.1930200e+01   1.6330600e+00
   2.6800000e+02   8.1643000e+00   1.4270200e+01   1.9090300e+00
   2.6900000e+02   5.8792400e+00   1.1268400e+01   1.3056100e+00
   2.7000000e+02   6.3908400e+00   1.5338300e+01   1.2509500e+00
   2.7100000e+02   5.5088500e-01  -1.9086800e+01   1.4475600e+00
   2.7200000e+02   6.4264800e+00  -3.2455700e+00   3.3382900e-01
   2.7300000e+02   9.8733300e+00  -1.1896900e+01   9.8435700e-01
   2.7400000e+02   1.1801700e+01  -1.1058300e+01   1.9449900e+00
   2.7500000e+02   1.5444300e+01  -1.9472500e-01   9.9370500e-01
   2.7600000e+02   1.3498500e+01  -3.3214800e+00   7.6165100e-01
   2.7700000e+02   1.4269800e+01   3.3546000e+00   5.3431600e-01
   2.7800000e+02   1.2154300e+01   3.7226900e-01   2.8001900e-01
   2.7900000e+02   9.9312700e+00  -5.4430200e+00   2.1987700e+00
   2.8000000e+02   1.7161000e+01  -3.4495100e+00   4.8961400e-01
   2.8100000e+02   1.0856100e+01   5.7640900e+00   2.1137900e-01
   2.8200000e+02   1.5366900e+01  -2.4453100e+00   1.9307800e+00
   2.8300000e+02   1.8009600e+01   5.2329800e+00   8.2834700e-01
   2.8400000e+02   1.0649200e+01   3.7009700e+00   1.3412300e+00
   2.8500000e+02   1.4004300e+01   1.3059800e+00   1.1643900e+00
   2.8600000e+02   1.1134400e+01   9.8909100e+00   9.9829400e-01
   2.8700000e+02   7.6306100e+00   1.0168100e+01   2.1635500e+00
   2.8800000e+02   1.2491400e+01   1.3722600e+01   2.6048300e+00
   2.8900000e+02   1.2192400e+01  -1.3122200e+01   9.5987100e-01
   2.9000000e+02   1.3925600e+01  -1.1916500e+01   1.6003900e+00
   2.9100000e+02   1.7142000e+01  -5.6803900e+00   4.4652800e-01
   2.9200000e+02   1.1695300e+01  -6.5613600e+00   1.7116300e+00
   2.9300000e+02   1.7132700e+01  -1.3807300e+00   1.7781300e+00
   2.9400000e+02   1.5562400e+01  -9.7595700e+00   3.6836500e-01
   2.9500000e+02   1.3565800e+01  -7.8470600e+00   1.5670700e+00
   2.9600000e+02   1.9664900e+01   3.9093100e+00   1.3502700e+00
   2.9700000e+02   1.5365300e+01  -4.5164100e+00   1.9667700e+00
   2.9800000e+02   1.7400600e+01   6.6227900e-01   1.3361000e+00
   2.9900000e+02   9.9637900e+00  -3.1869900e+00   1.5957300e-01
   3.0000000e+02   1.8927700e+01  -4.6461800e+00  -1.1023900e+00
