   1.0000000e+00  -1.3647000e+01  -6.8128600e+00   1.0583200e+00
   2.0000000e+00  -1.4790200e+01  -1.2949100e+01   8.8983800e-01
   3.0000000e+00  -1.7891600e+01  -1.0251500e+01   1.2837000e+00
   4.0000000e+00  -1.8843400e+01  -5.0500300e-01   2.0045500e+00
   5.0000000e+00  -1.7122600e+01  -3.3309900e+00   1.1778000e-02
   6.0000000e+00  -1.2821100e+01  -4.8379000e+00   3.9821900e-01
   7.0000000e+00  -1.5118100e+01   1.8499300e-01   1.0027900e+00
   8.0000000e+00  -1.8903000e+01  -5.2671500e+00   9.6094400e-01
   9.0000000e+00  -1.6678200e+01  -1.3887400e+01   9.7479800e-01
   1.0000000e+01  -1.8699300e+01  -7.4006800e+00   5.0443500e-01
   1.1000000e+01  -2.1583500e+01   3.1213200e+00   8.5404900e-01
   1.2000000e+01  -1.7824000e+01   7.9253300e+00   7.4899900e-01
   1.3000000e+01  -2.1383500e+01   5.8687500e+00   1.5661500e+00
   1.4000000e+01  -1.8125400e+01   1.0874200e+01   1.4058600e+00
   1.5000000e+01  -1.9067800e+01  -2.5952300e+00   1.2537900e+00
   1.6000000e+01  -1.4975200e+01   7.7429000e+00   1.1152400e+00
   1.7000000e+01  -1.2989900e+01   1.5362800e+01   1.0667600e+00
   1.8000000e+01  -1.6628600e+01   1.2293000e+01   1.6323700e+00
   1.9000000e+01  -1.3204000e+01  -1.4263000e+01   1.2184400e+00
   2.0000000e+01  -1.0804800e+01  -4.3680500e+00   8.7520900e-01
   2.1000000e+01  -1.1274800e+01  -1.6705200e+01   1.4494400e+00
   2.2000000e+01  -1.1585400e+01  -6.7470100e+00   1.2825000e+00
   2.3000000e+01  -1.0003000e+01  -2.3615900e+00   5.7967600e-01
   2.4000000e+01  -2.0588000e+01  -6.4872400e+00   1.1954200e+00
   2.5000000e+01  -1.6881500e+01  -5.6916600e+00   8.9087400e-01
   2.6000000e+01  -1.5243400e+01   2.3260300e+00   1.7828600e+00
   2.7000000e+01  -2.0159700e+01   1.3185500e+00   7.9646200e-01
   2.8000000e+01  -1.1107400e+01   6.0157200e+00   1.2401900e+00
   2.9000000e+01  -1.3686800e+01   6.0925000e+00   1.3129700e+00
   3.0000000e+01  -1.0595600e+01   1.0663100e+01   5.0843800e-01
   3.1000000e+01  -1.9687700e+01   7.0275600e+00   1.2952100e+00
   3.2000000e+01  -1.4931300e+01  -5.0278300e+00   1.0917500e+00
   3.3000000e+01  -1.6153000e+01   6.0639200e+00   9.2665200e-01
   3.4000000e+01  -1.6240300e+01   9.4609300e+00   1.5812500e+00
   3.5000000e+01  -2.0831900e+01  -1.4902600e+00   2.1022100e-01
   3.6000000e+01  -9.5263700e+00   1.8438600e+01   1.4262800e+00
   3.7000000e+01  -8.5305600e+00  -1.1511900e+01   6.1721400e-01
   3.8000000e+01  -1.1173500e+01  -1.4605700e+01   1.3223000e+00
   3.9000000e+01  -1.0136800e+01  -1.8449600e+01   3.5386500e-01
   4.0000000e+01  -1.6206300e+01  -1.1446900e+01   1.9311800e+00
   4.1000000e+01  -1.2378100e+01  -1.2243500e+01   6.0262900e-01
   4.2000000e+01  -1.6842300e+01   3.8532200e+00   9.9347700e-01
   4.3000000e+01  -9.6186800e+00  -6.0374800e+00   1.5504400e+00
   4.4000000e+01  -1.5655600e+01  -7.3779100e+00   1.0530700e+00
   4.5000000e+01  -1.3201600e+01  -1.8353200e+00   4.3202300e-01
   4.6000000e+01  -1.5236000e+01  -2.4160100e+00   7.1135800e-01
   4.7000000e+01  -7.1931000e+00   7.1225200e+00   1.2114000e+00
   4.8000000e+01  -1.2629800e+01   1.1105400e+01   4.4983700e-01
   4.9000000e+01  -1.2230900e+01   1.3134800e+01   6.4185300e-01
   5.0000000e+01  -1.8522800e+01   2.6191400e+00   1.9409100e+00
   5.1000000e+01  -1.2900600e+01   8.0491000e+00   1.3267900e+00
   5.2000000e+01  -3.9150900e+00   1.3250000e+01   9.5081800e-01
   5.3000000e+01  -6.7098900e+00   2.1213900e+01   1.4983700e+00
   5.4000000e+01  -1.1513900e+01   1.6862200e+01   9.6275600e-01
   5.5000000e+01  -2.9795500e+00  -2.1543200e+01   1.5115900e+00
   5.6000000e+01  -1.4281600e+01  -8.9297900e+00   1.1000400e+00
   5.7000000e+01  -1.4071900e+01  -1.1005500e+01   5.4574500e-01
   5.8000000e+01  -6.4637700e+00  -1.6941300e+01   1.9178300e-01
   5.9000000e+01  -1.3244700e+01   1.6275500e+00   1.3274100e+00
   6.0000000e+01  -8.3456400e+00  -9.4025200e+00   1.5086800e+00
   6.1000000e+01  -1.6840000e+01  -9.7883400e-01   1.5415500e+00
   6.2000000e+01  -2.8822800e+00  -1.1856200e+01   9.3858400e-01
   6.3000000e+01  -1.1179700e+01   1.6204900e+00  -1.3739000e-01
   6.4000000e+01  -9.2845000e+00  -3.8789900e-01   1.2155100e+00
   6.5000000e+01  -1.2624500e+01   4.2767500e+00   1.3072500e+00
   6.6000000e+01  -1.8132800e+01   5.5109000e+00   6.1815400e-01
   6.7000000e+01  -5.5218100e+00   1.5280000e+00   1.4929400e+00
   6.8000000e+01  -1.0927100e+01   8.6237900e+00   9.2861300e-01
   6.9000000e+01  -1.9793600e+01   4.2389200e+00   8.5787100e-01
   7.0000000e+01  -1.0198100e+01   1.2695900e+01   1.4857600e+00
   7.1000000e+01  -1.4150700e+01   9.7022300e+00   1.2879800e+00
   7.2000000e+01   1.4115400e+00   1.9572800e+01   5.0132100e-01
   7.3000000e+01  -1.5047900e+01  -1.5215800e+01   5.0594500e-01
   7.4000000e+01  -1.3296000e+01  -1.6352700e+01   1.0741900e+00
   7.5000000e+01  -6.3203600e+00  -8.4601300e+00   7.0369400e-01
   7.6000000e+01   5.0213700e-01  -2.1248900e+00   7.2692700e-01
   7.7000000e+01  -1.0352500e+01  -1.2654000e+01  -1.7915000e-01
   7.8000000e+01  -1.0871200e+01  -1.0618700e+01   1.3919800e+00
   7.9000000e+01  -5.6027300e+00  -6.4290600e+00   4.6637400e-01
   8.0000000e+01  -6.8304500e+00   9.3389800e+00   9.8505200e-01
   8.1000000e+01  -1.0187100e+01  -8.4225600e+00   1.6394300e+00
   8.2000000e+01  -1.6962700e+01   1.1956900e+00   1.7046700e+00
   8.3000000e+01  -5.8656900e+00  -2.5399400e+00   1.5775100e+00
   8.4000000e+01  -9.3644500e+00   7.1538400e+00   7.5227700e-01
   8.5000000e+01  -6.5074000e+00   1.1725800e+01   1.1652900e+00
   8.6000000e+01  -1.1015600e+01   1.4796000e+01   1.7066700e+00
   8.7000000e+01  -1.4812400e+01   4.3688400e+00   1.7428100e+00
   8.8000000e+01  -8.9805000e+00   1.4370000e+01   1.0981000e+00
   8.9000000e+01   7.9645200e-01   1.5821300e+01   1.0183400e+00
   9.0000000e+01  -9.4277200e+00   1.6376500e+01   9.2396600e-01
   9.1000000e+01   4.1950900e+00  -2.0087700e+01   1.2564900e+00
   9.2000000e+01   2.1446800e+00  -1.9707000e+01   1.0149000e+00
   9.3000000e+01  -2.7821300e+00  -1.7362900e+01   1.2253400e+00
   9.4000000e+01  -9.1246400e+00  -1.4338600e+01   1.3524900e+00
   9.5000000e+01  -6.4595300e+00  -1.0523300e+01   1.2814700e+00
   9.6000000e+01   2.7824500e-01  -4.5985200e+00   1.8201400e+00
   9.7000000e+01  -2.2046200e+01   3.8679400e-01   9.7560000e-01
   9.8000000e+01  -7.9415100e+00  -1.9634700e+00   7.8817000e-01
   9.9000000e+01  -8.4167200e+00   5.1024600e+00   1.0661200e+00
   1.0000000e+02  -4.9472700e+00  -4.4233300e+00   1.9250900e+00
   1.0100000e+02  -1.8465400e+00  -4.3483200e+00   7.7900200e-01
   1.0200000e+02  -1.4629100e+01   1.1706300e+01   1.3126400e+00
   1.0300000e+02  -1.3473000e+00   1.6355900e+01   1.4318800e+00
   1.0400000e+02  -1.2020100e+00   8.3917600e+00   1.5224800e+00
   1.0500000e+02  -1.4301800e+01   1.3773700e+01   1.2251400e+00
   1.0600000e+02  -7.6373100e+00   1.9355700e+01   1.0274300e+00
   1.0700000e+02  -7.5158800e+00   1.7297900e+01   2.6691700e-01
   1.0800000e+02  -4.7345200e+00   1.9542100e+01   1.7120200e+00
   1.0900000e+02  -3.8548500e-01  -1.7001500e+01   1.9597700e+00
   1.1000000e+02  -9.2188800e+00  -1.6488200e+01   9.5256100e-01
   1.1100000e+02  -7.1712100e+00  -1.4992900e+01   1.7793800e+00
   1.1200000e+02  -4.9957700e+00  -1.2029400e+01   3.8556000e-01
   1.1300000e+02   2.3530200e+00  -5.5312000e+00   1.0706900e+00
   1.1400000e+02  -4.0253800e+00  -7.9092000e+00   2.1171800e-01
   1.1500000e+02  -1.2212700e+01  -8.9897200e+00   1.7120700e+00
   1.1600000e+02  -5.1670800e+00  -5.2905400e-01   1.7458900e+00
   1.1700000e+02  -1.7485100e+00  -2.2795000e+00   1.9926800e+00
   1.1800000e+02  -7.1976500e+00  -4.3246800e+00   9.9109000e-01
   1.1900000e+02  -8.9303800e+00   9.1805800e+00   1.2230600e+00
   1.2000000e+02  -8.5306900e+00   1.1191900e+01   1.0549000e+00
   1.2100000e+02   1.5114300e-01   1.7812000e+01   1.0663400e+00
   1.2200000e+02  -3.5304400e+00   2.1799300e+00   1.2860500e+00
   1.2300000e+02   2.5343800e-02   1.3842600e+01   8.6007900e-01
   1.2400000e+02  -6.1329100e+00   1.5677900e+01   1.6616000e+00
   1.2500000e+02  -5.1189000e+00   1.7472400e+01   6.3129000e-01
   1.2600000e+02  -6.3330900e-01   1.9772200e+01   1.4641000e+00
   1.2700000e+02  -1.0104300e+00  -1.0950800e+01   8.5982300e-01
   1.2800000e+02  -8.0628600e+00  -1.8236700e+01  -4.4976900e-02
   1.2900000e+02  -4.4807800e+00  -1.6019200e+01   1.7185700e+00
   1.3000000e+02  -6.9499700e+00  -1.2838300e+01   7.2062700e-01
   1.3100000e+02  -3.4090100e+00  -5.9271800e+00   9.7302400e-01
   1.3200000e+02   1.3434300e+00  -1.5662900e+01   1.3818200e+00
   1.3300000e+02   1.3784500e+00  -7.5027800e+00  -1.9915500e-01
   1.3400000e+02   4.5724300e+00  -2.8642000e+00   1.2985800e+00
   1.3500000e+02   6.9526100e+00  -6.9948000e+00   1.3222600e+00
   1.3600000e+02   3.0711700e+00  -1.4229000e+00   1.3839400e+00
   1.3700000e+02  -3.7775800e+00  -2.6995300e+00   1.2536900e+00
   1.3800000e+02  -5.3594400e+00   3.8135600e+00   7.0827200e-01
   1.3900000e+02  -2.8345200e+00   1.0586000e+01   7.8322400e-01
   1.4000000e+02  -4.8647100e+00   1.0038300e+01   1.8696400e+00
   1.4100000e+02  -6.9645500e+00   1.3770600e+01   9.6599800e-01
   1.4200000e+02  -2.2209400e+00   1.4438400e+01   3.1084000e-01
   1.4300000e+02  -3.4317400e+00   1.6247700e+01   1.6495200e+00
   1.4400000e+02   4.5649600e+00   1.4183500e+01   1.0780200e+00
   1.4500000e+02   4.1180200e+00  -1.8004600e+01   1.1449300e+00
   1.4600000e+02  -2.9864000e+00  -9.7329200e+00   7.3179200e-01
   1.4700000e+02   6.3992000e+00  -1.4257500e+01   1.4384000e-01
   1.4800000e+02  -5.2192100e+00  -1.4093900e+01   1.5873900e+00
   1.4900000e+02   6.6169800e+00  -2.5437000e+00   2.0790700e+00
   1.5000000e+02  -7.6799900e+00  -6.8733400e+00   7.7001700e-01
   1.5100000e+02  -1.0553100e+00  -8.8685800e+00   6.6452800e-01
   1.5200000e+02   4.7249400e+00  -7.1447800e+00   4.0029600e-01
   1.5300000e+02   1.8350400e+00   2.4258900e+00   1.3809200e+00
   1.5400000e+02  -9.4965800e-01  -1.8594400e-01   1.8038900e+00
   1.5500000e+02  -8.9603100e+00   1.7156800e+00   1.0159100e+00
   1.5600000e+02  -1.0601400e+01   3.6489600e+00   3.7713900e-01
   1.5700000e+02  -9.5507300e-01   6.1587400e+00   6.7738700e-01
   1.5800000e+02  -2.5836500e+00   1.8176300e+01   1.4251700e+00
   1.5900000e+02   1.0508700e+01   1.5321300e+01   5.2763200e-01
   1.6000000e+02   2.1681800e+00   1.4234500e+01   8.3267400e-01
   1.6100000e+02  -7.4008200e-01   1.0447300e+01   1.5565300e+00
   1.6200000e+02  -2.7781200e+00   2.0284200e+01   1.1720700e+00
   1.6300000e+02  -3.1231100e+00  -1.9463800e+01   1.0109700e+00
   1.6400000e+02  -7.0482800e+00  -2.0045300e+01   2.1599200e-01
   1.6500000e+02   3.4016000e+00  -1.6033700e+01   6.9829000e-01
   1.6600000e+02   4.4126800e+00  -1.3520400e+01   1.1719200e+00
   1.6700000e+02   2.9593300e+00  -1.1719300e+01   4.6107600e-01
   1.6800000e+02  -1.4888800e+00  -1.5170700e+01   1.3500000e+00
   1.6900000e+02   6.5140000e+00   4.1965300e+00   8.3240000e-01
   1.7000000e+02   1.1571300e+00  -9.9436100e+00   6.8838000e-01
   1.7100000e+02   1.1395400e+01   2.6173000e+00   1.3300300e+00
   1.7200000e+02   4.8340200e+00  -2.4829100e-01   1.2078500e+00
   1.7300000e+02  -1.1398800e+01  -7.1940500e-01   7.7804200e-01
   1.7400000e+02   1.6813500e+00   2.1304300e-01   6.5969000e-01
   1.7500000e+02  -5.2232500e+00   7.9523400e+00   4.2547700e-01
   1.7600000e+02   7.2323000e+00   1.1148000e+01   6.2127500e-01
   1.7700000e+02  -2.3489200e-01   4.0365700e+00   1.9891100e+00
   1.7800000e+02   7.5873500e-01   1.1882700e+01   1.7014500e+00
   1.7900000e+02   4.4639400e+00   1.7736200e+01   9.5785000e-01
   1.8000000e+02   2.5087300e+00   2.1373100e+01   1.2747200e+00
   1.8100000e+02   7.3046000e+00  -1.1224400e+01   7.6707200e-01
   1.8200000e+02   1.6975100e-02  -1.9014300e+01   6.8647500e-01
   1.8300000e+02  -4.7189200e+00  -1.8129700e+01   9.2122300e-01
   1.8400000e+02  -1.0444000e+00  -1.3060700e+01   6.9279700e-01
   1.8500000e+02   5.1889800e+00  -1.1595100e+01   1.3033000e+00
   1.8600000e+02   6.2759100e+00  -1.9762400e+01   1.1891700e+00
   1.8700000e+02   5.5455000e+00  -9.4425600e+00   4.3494000e-01
   1.8800000e+02   8.5645300e+00   3.7789300e+00   1.0958700e+00
   1.8900000e+02   4.4865800e+00  -4.9737200e+00   6.7550200e-01
   1.9000000e+02  -3.4464600e+00   4.7653500e+00   1.5498500e+00
   1.9100000e+02   9.8020500e-01   8.9410000e+00   1.7172800e+00
   1.9200000e+02   2.1894600e+00   5.0255300e+00   1.2769900e+00
   1.9300000e+02   5.4262500e+00   7.5940300e+00   1.8480500e+00
   1.9400000e+02   3.1028100e+00   1.0063300e+01   7.5709500e-01
   1.9500000e+02   8.3504400e+00   9.1369300e+00   1.8417000e+00
   1.9600000e+02   3.1779100e+00   1.2431000e+01   1.3577300e+00
   1.9700000e+02   8.8015300e+00   1.9071200e+01   1.4818900e+00
   1.9800000e+02   5.7512200e+00   2.0718000e+01   1.4805400e+00
   1.9900000e+02   7.9298400e-01  -1.2079300e+01   1.0748200e+00
   2.0000000e+02   1.7154500e+00  -1.7692400e+01   7.9808300e-01
   2.0100000e+02   5.4661600e+00  -1.6093500e+01   1.0477800e+00
   2.0200000e+02   1.4877300e+01  -1.1673500e+01   7.3414200e-01
   2.0300000e+02   9.6769300e+00  -9.3474800e+00   1.2291600e+00
   2.0400000e+02   8.8050800e+00  -3.0144500e+00   1.9523600e-01
   2.0500000e+02   8.5352300e+00  -1.4185800e+01   4.9784400e-01
   2.0600000e+02   4.3188900e+00   5.6205600e+00   1.5568400e+00
   2.0700000e+02   2.3548900e+00  -3.4648600e+00   1.7527800e+00
   2.0800000e+02   1.2719500e+01  -1.4160200e+00   2.0529300e+00
   2.0900000e+02   8.8217000e+00  -5.8781100e-01   1.1390700e+00
   2.1000000e+02   9.1979100e+00   1.5318900e+00   1.0092000e+00
   2.1100000e+02  -3.1150800e+00  -8.9530400e-02   1.8865100e+00
   2.1200000e+02   1.0972600e+01   9.7097500e+00   1.0594700e+00
   2.1300000e+02   1.2094400e+00   6.8806700e+00   2.3874100e-01
   2.1400000e+02  -1.0570500e+00   2.0784300e+00   5.6046600e-01
   2.1500000e+02   8.7947900e+00   1.3175300e+01   5.9950600e-01
   2.1600000e+02   6.4211200e+00   1.8762100e+01   1.1409300e+00
   2.1700000e+02   5.5426100e+00  -2.1689200e+01   1.0899300e+00
   2.1800000e+02   2.7921900e+00  -2.1665100e+01   5.4725200e-01
   2.1900000e+02   1.2056500e+01  -1.6625900e+01   8.9659900e-01
   2.2000000e+02   7.5840700e+00  -9.1695100e+00   1.4724700e+00
   2.2100000e+02   2.1912200e+00  -1.3731800e+01   1.7207200e+00
   2.2200000e+02   1.2455300e+01  -5.4315000e+00   9.6876200e-01
   2.2300000e+02   5.8919800e+00   2.0766600e+00   2.2219300e+00
   2.2400000e+02   6.8873100e+00   1.5370900e-01   1.4972900e+00
   2.2500000e+02   3.2993400e+00   7.9606000e+00   1.9678500e+00
   2.2600000e+02   9.1448600e+00   6.3487000e+00   8.1482300e-01
   2.2700000e+02  -3.3127800e+00   6.8761000e+00   2.0087600e+00
   2.2800000e+02   1.3871800e+01   4.9600400e+00   4.2684400e-01
   2.2900000e+02   1.3449900e+01   2.7550500e+00   1.1668700e+00
   2.3000000e+02   7.6166000e+00   1.4873500e+01   9.5212900e-01
   2.3100000e+02   5.0558600e+00   1.1563500e+01   1.7149600e+00
   2.3200000e+02  -7.3862900e-01   2.1840800e+01   3.5593000e-01
   2.3300000e+02   3.5649600e+00   1.9597600e+01   6.7830600e-01
   2.3400000e+02   5.7902200e+00   9.6163400e+00   9.3547800e-01
   2.3500000e+02   9.3437300e+00  -1.2216700e+01   1.0726800e+00
   2.3600000e+02  -3.1563700e+00  -1.3913500e+01   1.7694500e+00
   2.3700000e+02   1.1068700e+01  -1.1087500e+01   1.3429600e+00
   2.3800000e+02   1.0253500e+01  -1.5502600e+01   1.2353700e+00
   2.3900000e+02   1.0221300e+01  -1.7604500e+01   7.3263600e-02
   2.4000000e+02   7.0727600e+00   6.3188100e+00   4.8565900e-01
   2.4100000e+02   4.4141700e+00   3.5254900e+00   1.9144300e+00
   2.4200000e+02   3.2548800e+00  -8.8712800e+00   1.5785800e+00
   2.4300000e+02   1.9988000e+01   4.1612800e+00   1.5518200e+00
   2.4400000e+02   1.4838100e+01  -1.6342700e+00   9.9659400e-01
   2.4500000e+02   1.5893100e+01   8.4697500e+00   8.1414000e-01
   2.4600000e+02   1.4400000e+01   9.8943600e+00   1.5419800e+00
   2.4700000e+02   1.9824700e+01   7.2126300e+00   8.1937400e-01
   2.4800000e+02   3.3773200e+00   1.5918000e+01   1.1881700e+00
   2.4900000e+02   1.0789900e+01   1.2524700e+01   1.7346400e+00
   2.5000000e+02   1.6359300e+01   6.2662000e+00   1.0952400e+00
   2.5100000e+02   2.0712000e+01   5.6489200e-01   7.9499200e-01
   2.5200000e+02   2.3404300e+00   1.7724100e+01   3.4450200e-01
   2.5300000e+02   8.2941800e+00  -1.6241200e+01   1.8282400e+00
   2.5400000e+02   6.8878800e+00  -1.7787900e+01   7.9138800e-01
   2.5500000e+02   1.9423100e+01  -3.3655200e+00   2.2275200e+00
   2.5600000e+02   1.2758600e+01  -9.8872500e+00   6.8369900e-01
   2.5700000e+02   1.1206900e+01  -7.7483200e+00   1.3837700e+00
   2.5800000e+02   9.1900100e+00  -7.1217900e+00   1.3346900e+00
   2.5900000e+02   1.7399400e+01   2.9960600e+00   1.0061900e+00
   2.6000000e+02   1.5304400e+01  -7.5793200e+00   1.3415600e+00
   2.6100000e+02   1.7416500e+01  -7.5963700e+00   1.2064100e+00
   2.6200000e+02   1.4287500e+01   7.1772700e+00   7.2059700e-01
   2.6300000e+02   1.3376600e+01  -3.5713800e+00   8.6795200e-01
   2.6400000e+02   1.1456100e+01   3.3412300e-01   1.9835400e+00
   2.6500000e+02   1.2664300e+01   8.5353800e+00   7.8125300e-01
   2.6600000e+02   1.7925300e+01   8.1081300e+00   1.2420100e+00
   2.6700000e+02   1.2175500e+01   1.4057000e+01   2.4744800e-01
   2.6800000e+02   9.9024300e+00   1.7309900e+01   5.0296400e-01
   2.6900000e+02   6.4098500e+00   1.3172900e+01   4.9778500e-01
   2.7000000e+02   6.5752600e+00   1.6665700e+01   5.7839700e-01
   2.7100000e+02   9.2638200e-02  -2.1069900e+01   1.0061700e+00
   2.7200000e+02   7.5247300e+00  -4.8606600e+00   6.6241700e-01
   2.7300000e+02   1.1165900e+01  -1.3619800e+01   6.6352400e-01
   2.7400000e+02   1.2972700e+01  -1.2559100e+01   1.5046600e+00
   2.7500000e+02   1.7105000e+01   3.2888100e-01   1.9776100e+00
   2.7600000e+02   1.5448000e+01  -3.6404700e+00   4.1303900e-01
   2.7700000e+02   1.5376300e+01   3.5511700e+00   1.1371900e+00
   2.7800000e+02   1.3492200e+01   6.2766800e-01   8.0616700e-01
   2.7900000e+02   1.0393100e+01  -5.4130700e+00   1.9281100e+00
   2.8000000e+02   1.7496200e+01  -4.0959900e+00   2.1878100e+00
   2.8100000e+02   1.1140000e+01   7.1079900e+00   6.2024800e-01
   2.8200000e+02   1.6861100e+01  -2.0335800e+00   6.8479500e-01
   2.8300000e+02   1.8124800e+01   5.1412300e+00   3.0155000e-01
   2.8400000e+02   1.1790100e+01   5.1510100e+00   1.7159900e+00
   2.8500000e+02   1.5384200e+01   1.4588000e+00   1.4141400e+00
   2.8600000e+02   1.2839600e+01   1.2007800e+01   7.2960700e-01
   2.8700000e+02   9.3127400e+00   1.0983100e+01   1.2346300e+00
   2.8800000e+02   1.4272500e+01   1.5186700e+01   5.8671300e-01
   2.8900000e+02   1.3016500e+01  -1.4796100e+01   8.2107800e-01
   2.9000000e+02   1.4781600e+01  -1.3740000e+01   1.2658600e+00
   2.9100000e+02   1.9015700e+01  -6.1973700e+00   1.2474400e+00
   2.9200000e+02   1.3268000e+01  -7.8473300e+00   1.0616100e+00
   2.9300000e+02   1.8908100e+01  -6.5676200e-01   1.2593400e+00
   2.9400000e+02   1.6655300e+01  -1.0632700e+01   2.0033700e+00
   2.9500000e+02   1.4808000e+01  -9.6211800e+00   8.6075900e-01
   2.9600000e+02   2.1940700e+01   3.3048000e+00   5.8882100e-01
   2.9700000e+02   1.6134800e+01  -5.6596700e+00   3.5761700e-01
   2.9800000e+02   1.8912600e+01   1.5562400e+00   1.7340500e+00
   2.9900000e+02   1.0895700e+01  -2.5222400e+00   7.3621500e-01
   3.0000000e+02   2.0895400e+01  -5.3777100e+00   7.4068200e-01
