   1.0000000e+00  -1.1221800e+01  -5.9677600e+00   2.8168400e+00
   2.0000000e+00  -1.3470000e+01  -1.0985900e+01   1.4813500e+00
   3.0000000e+00  -1.6880400e+01  -8.6292000e+00   2.5595900e+00
   4.0000000e+00  -1.5805300e+01   6.9893000e-03   1.1456500e+00
   5.0000000e+00  -1.4564900e+01  -3.4531500e+00   1.7141000e+00
   6.0000000e+00  -1.0981500e+01  -3.8511700e+00   7.5956500e-01
   7.0000000e+00  -1.2426700e+01  -1.9196700e-01   1.2786200e+00
   8.0000000e+00  -1.6522600e+01  -4.2028100e+00  -8.0410300e-02
   9.0000000e+00  -1.5351300e+01  -1.1829300e+01   4.3914500e-01
   1.0000000e+01  -1.6734200e+01  -6.4050000e+00   3.0856800e+00
   1.1000000e+01  -1.9638300e+01   1.8460400e+00   1.5209500e+00
   1.2000000e+01  -1.6448000e+01   6.5151700e+00   8.3617000e-01
   1.3000000e+01  -1.9732600e+01   4.0017400e+00  -5.0983600e-01
   1.4000000e+01  -1.4976600e+01   9.8117200e+00   1.3969200e+00
   1.5000000e+01  -1.6116900e+01  -2.0879300e+00   1.6957500e+00
   1.6000000e+01  -1.2881300e+01   6.7830700e+00   9.6765400e-02
   1.7000000e+01  -1.1676400e+01   1.4237900e+01   9.8987600e-01
   1.8000000e+01  -1.3401200e+01   1.3126600e+01   3.0236900e+00
   1.9000000e+01  -1.1772800e+01  -1.2193500e+01  -7.6198000e-03
   2.0000000e+01  -9.2743900e+00  -5.1112500e+00   1.2415800e+00
   2.1000000e+01  -1.0320900e+01  -1.5511100e+01   2.4157300e+00
   2.2000000e+01  -9.5258700e+00  -7.1785500e+00   3.6212900e-01
   2.3000000e+01  -9.0339300e+00  -3.0630900e+00  -1.0843400e+00
   2.4000000e+01  -1.8407700e+01  -5.1369400e+00   1.3623700e+00
   2.5000000e+01  -1.4825400e+01  -5.4904400e+00   1.6116200e+00
   2.6000000e+01  -1.2473600e+01   2.4605400e+00   2.2039100e+00
   2.7000000e+01  -1.7724800e+01   8.4990400e-01   4.3223100e-01
   2.8000000e+01  -9.1037600e+00   5.1351100e+00   1.1726000e+00
   2.9000000e+01  -1.1009200e+01   5.9119100e+00   2.4012900e+00
   3.0000000e+01  -9.4538400e+00   9.2438300e+00   9.1249100e-01
   3.1000000e+01  -1.8064600e+01   5.2313300e+00  -4.7335500e-01
   3.2000000e+01  -1.2915900e+01  -4.7276200e+00   2.6822700e+00
   3.3000000e+01  -1.4574700e+01   5.6150700e+00   1.3301400e+00
   3.4000000e+01  -1.4775300e+01   7.6955300e+00   2.4711700e+00
   3.5000000e+01  -1.8122600e+01  -1.5533900e+00   3.8413600e-01
   3.6000000e+01  -6.4756200e+00   1.7735300e+01   2.9911800e+00
   3.7000000e+01  -7.9799300e+00  -1.0472300e+01   1.5648400e+00
   3.8000000e+01  -1.0085800e+01  -1.3396100e+01   4.2749400e-02
   3.9000000e+01  -8.5148700e+00  -1.6823500e+01   8.5462600e-01
   4.0000000e+01  -1.5157300e+01  -9.7705800e+00   9.1631200e-01
   4.1000000e+01  -1.1568600e+01  -1.0084100e+01   6.7455900e-01
   4.2000000e+01  -1.4362600e+01   3.3589900e+00   2.1425400e+00
   4.3000000e+01  -7.5784300e+00  -6.3164900e+00   6.2501600e-01
   4.4000000e+01  -1.5007700e+01  -7.6198800e+00   3.2742300e+00
   4.5000000e+01  -1.0790600e+01  -1.7721100e+00   1.0511100e+00
   4.6000000e+01  -1.2674700e+01  -2.6646800e+00   1.6985100e+00
   4.7000000e+01  -5.4227800e+00   5.3299700e+00   1.9635300e+00
   4.8000000e+01  -1.1339900e+01   1.0090700e+01   5.3634500e-01
   4.9000000e+01  -9.5953900e+00   1.1305000e+01   3.2207900e-01
   5.0000000e+01  -1.5983600e+01   2.0856200e+00   1.1179300e+00
   5.1000000e+01  -1.1137600e+01   8.0310300e+00   1.6680000e+00
   5.2000000e+01  -4.0569500e+00   1.0657800e+01   4.0431300e-01
   5.3000000e+01  -4.7911800e+00   1.8997200e+01   2.3565300e+00
   5.4000000e+01  -9.9698200e+00   1.5422500e+01   2.0398600e-01
   5.5000000e+01  -1.9993200e+00  -2.0150200e+01   1.9015300e+00
   5.6000000e+01  -1.3101600e+01  -6.7876300e+00   2.3768300e+00
   5.7000000e+01  -1.3295400e+01  -8.8495400e+00   5.7318600e-01
   5.8000000e+01  -4.6709800e+00  -1.4929900e+01  -2.3737200e-02
   5.9000000e+01  -1.0870300e+01   1.1553400e+00   1.5081900e+00
   6.0000000e+01  -6.0849100e+00  -9.6008300e+00   7.7499300e-01
   6.1000000e+01  -1.4211600e+01  -1.2996600e+00  -6.3274100e-01
   6.2000000e+01  -2.4734500e+00  -9.8821900e+00   1.4751500e+00
   6.3000000e+01  -8.8074400e+00   1.0346200e+00   1.2560800e+00
   6.4000000e+01  -7.0260200e+00  -1.7755000e-02   2.6500100e+00
   6.5000000e+01  -1.0869500e+01   3.7500300e+00   1.1413900e+00
   6.6000000e+01  -1.6203400e+01   4.3173700e+00   1.0318600e+00
   6.7000000e+01  -5.2363000e+00   1.0813900e+00   5.2875500e-01
   6.8000000e+01  -9.2411600e+00   7.1998400e+00   2.9932300e+00
   6.9000000e+01  -1.7883500e+01   2.9871100e+00   1.1147000e+00
   7.0000000e+01  -7.8582900e+00   1.2421100e+01   1.5921100e+00
   7.1000000e+01  -1.3090400e+01   8.9153800e+00   1.8146300e+00
   7.2000000e+01   8.7437400e-01   1.6253400e+01   9.0267900e-01
   7.3000000e+01  -1.3672200e+01  -1.3129300e+01   2.3493800e+00
   7.4000000e+01  -1.1972700e+01  -1.4296000e+01   2.6769600e+00
   7.5000000e+01  -5.8971800e+00  -7.5291700e+00  -7.9097400e-02
   7.6000000e+01   3.8547500e-01   7.7317800e-02   1.7196500e-01
   7.7000000e+01  -9.9000800e+00  -1.1334100e+01   2.0321800e+00
   7.8000000e+01  -9.6855900e+00  -9.2515000e+00   1.0480600e+00
   7.9000000e+01  -3.8252500e+00  -4.5946200e+00   2.3487400e+00
   8.0000000e+01  -5.6127100e+00   7.3812700e+00  -3.4893000e-01
   8.1000000e+01  -7.8055400e+00  -8.3946800e+00  -8.8571400e-01
   8.2000000e+01  -1.4040700e+01   1.1134600e+00   3.5964400e-01
   8.3000000e+01  -5.3283200e+00  -1.2606900e+00   6.4896800e-01
   8.4000000e+01  -7.3461800e+00   6.2383600e+00  -3.7709200e-01
   8.5000000e+01  -5.7589500e+00   9.4596500e+00   2.0516100e+00
   8.6000000e+01  -9.7299100e+00   1.3360300e+01   1.7720100e+00
   8.7000000e+01  -1.2735300e+01   4.6675700e+00   2.7138500e+00
   8.8000000e+01  -8.0328300e+00   1.4506500e+01   1.4001600e+00
   8.9000000e+01   1.0601600e+00   1.4193000e+01  -7.5518600e-01
   9.0000000e+01  -8.2214600e+00   1.6606600e+01   7.7360600e-01
   9.1000000e+01   4.0340100e+00  -1.7938800e+01  -6.0296100e-01
   9.2000000e+01   1.8883800e+00  -1.7326900e+01  -3.9470500e-01
   9.3000000e+01  -2.5201400e+00  -1.6032500e+01  -4.7116800e-01
   9.4000000e+01  -8.1875300e+00  -1.2551700e+01   2.1139800e+00
   9.5000000e+01  -4.1815200e+00  -8.6917200e+00   9.6888100e-01
   9.6000000e+01   1.6038700e+00  -2.2673100e+00  -2.3023700e-01
   9.7000000e+01  -1.9922100e+01  -5.2737200e-01   1.0333600e-01
   9.8000000e+01  -7.1691600e+00  -2.2052800e+00   4.7686700e-01
   9.9000000e+01  -7.1434000e+00   4.1821200e+00   3.6878300e-01
   1.0000000e+02  -5.4863100e+00  -3.3891500e+00   2.1812400e+00
   1.0100000e+02  -2.7520800e-02  -4.5640900e+00   1.0249300e+00
   1.0200000e+02  -1.3247700e+01   1.0995600e+01   4.9139600e-01
   1.0300000e+02  -6.4919300e-01   1.2987200e+01   1.0624200e+00
   1.0400000e+02  -2.0033300e+00   7.6910200e+00  -1.0687600e-01
   1.0500000e+02  -1.1471900e+01   1.2151200e+01   2.3430000e+00
   1.0600000e+02  -6.3223500e+00   1.5665600e+01  -1.5810700e-01
   1.0700000e+02  -6.1123200e+00   1.3608100e+01   1.1702100e+00
   1.0800000e+02  -4.5919800e+00   1.6881500e+01   1.8224500e+00
   1.0900000e+02  -6.4123600e-01  -1.5125200e+01   2.5270800e+00
   1.1000000e+02  -8.4006900e+00  -1.4646400e+01   1.0533100e+00
   1.1100000e+02  -6.4263600e+00  -1.3772400e+01  -7.5046400e-01
   1.1200000e+02  -4.3913000e+00  -1.0773300e+01   3.8998100e-01
   1.1300000e+02   2.0336600e+00  -4.2990500e+00   2.1091000e+00
   1.1400000e+02  -3.9635400e+00  -6.6454100e+00   2.2193500e+00
   1.1500000e+02  -1.1397000e+01  -8.0321900e+00   3.3108800e+00
   1.1600000e+02  -3.5818000e+00  -1.3005200e-01   9.5440000e-02
   1.1700000e+02  -4.5433200e-01  -2.3419200e+00   1.7586800e+00
   1.1800000e+02  -7.3705800e+00  -4.2697900e+00   1.3008800e+00
   1.1900000e+02  -7.4592300e+00   8.2906900e+00   3.3046100e+00
   1.2000000e+02  -7.6642600e+00   1.0378900e+01   1.5750800e+00
   1.2100000e+02  -8.2449900e-01   1.5052300e+01   2.6120600e+00
   1.2200000e+02  -3.4831500e+00   2.2143000e+00   2.5434200e+00
   1.2300000e+02  -4.8868100e-01   1.0928600e+01   1.8300000e+00
   1.2400000e+02  -4.2156700e+00   1.2718200e+01  -2.5664400e-02
   1.2500000e+02  -4.4170100e+00   1.4798000e+01   4.7330900e-01
   1.2600000e+02  -1.0050500e+00   1.7197800e+01   6.5461000e-01
   1.2700000e+02  -3.8185500e-01  -8.7978800e+00   1.0544000e+00
   1.2800000e+02  -6.5567900e+00  -1.5837700e+01   1.6283000e+00
   1.2900000e+02  -2.8295200e+00  -1.3993500e+01   1.2239800e+00
   1.3000000e+02  -6.2745600e+00  -1.1672800e+01   9.7060100e-01
   1.3100000e+02  -1.9394400e+00  -3.7560500e+00   9.8465700e-01
   1.3200000e+02   1.0624500e+00  -1.3178000e+01   1.4654700e+00
   1.3300000e+02   6.1088200e-02  -6.7712600e+00  -2.3216700e-01
   1.3400000e+02   4.9456400e+00  -1.3453000e+00   3.7485900e-01
   1.3500000e+02   6.0414500e+00  -5.4272300e+00   1.8241800e+00
   1.3600000e+02   2.4349100e+00  -3.8567600e-01  -1.1402700e-01
   1.3700000e+02  -3.5739100e+00  -2.4377900e+00   1.7197300e+00
   1.3800000e+02  -5.2907200e+00   3.2189100e+00   8.9924300e-01
   1.3900000e+02  -2.2013500e+00   9.7483600e+00   1.9389000e+00
   1.4000000e+02  -3.9017700e+00   8.5448500e+00  -8.5290100e-01
   1.4100000e+02  -5.9307700e+00   1.1548100e+01   1.5727500e+00
   1.4200000e+02  -2.3469700e+00   1.1823600e+01   1.2219000e+00
   1.4300000e+02  -2.5293800e+00   1.3881100e+01   1.6767300e+00
   1.4400000e+02   4.7983900e+00   1.2440200e+01   1.6450100e+00
   1.4500000e+02   3.4323000e+00  -1.5958200e+01   1.6445100e+00
   1.4600000e+02  -2.2816500e+00  -7.8331100e+00   1.3908000e+00
   1.4700000e+02   4.9990800e+00  -1.4506100e+01   1.4674400e+00
   1.4800000e+02  -4.5401600e+00  -1.2838100e+01  -3.4345800e-01
   1.4900000e+02   6.9482300e+00  -1.8717400e+00   2.1090200e+00
   1.5000000e+02  -5.6904500e+00  -5.4868400e+00   3.5152100e+00
   1.5100000e+02  -1.8873500e+00  -5.8105500e+00   1.4220600e+00
   1.5200000e+02   4.0267900e+00  -4.8856300e+00   1.6720600e+00
   1.5300000e+02   2.3015900e-01   2.5088500e+00   1.1779100e+00
   1.5400000e+02  -1.5790300e+00   1.4424200e+00   2.7803200e+00
   1.5500000e+02  -7.0434100e+00   2.1001900e+00   1.3557100e+00
   1.5600000e+02  -8.9121000e+00   3.0804200e+00   1.0370600e+00
   1.5700000e+02  -1.1737200e-01   6.7904000e+00   5.6644400e-01
   1.5800000e+02  -2.6850300e+00   1.5947900e+01   3.6584000e+00
   1.5900000e+02   1.0190400e+01   1.4132600e+01   1.3998300e+00
   1.6000000e+02   1.2398100e+00   1.2116400e+01   2.8222900e+00
   1.6100000e+02  -2.8862600e-01   8.8606600e+00   4.2505500e-01
   1.6200000e+02  -2.9088100e+00   1.8077400e+01   1.7068700e+00
   1.6300000e+02  -2.6114700e+00  -1.8185800e+01   5.4561600e-02
   1.6400000e+02  -6.6843400e+00  -1.7909800e+01   2.1140500e+00
   1.6500000e+02   2.9998600e+00  -1.3933700e+01   9.1018200e-01
   1.6600000e+02   4.5072100e+00  -1.2512500e+01   1.2388200e+00
   1.6700000e+02   3.2524400e+00  -9.7926400e+00   1.4740700e+00
   1.6800000e+02  -9.9273700e-01  -1.3091100e+01  -3.7496600e-01
   1.6900000e+02   5.5663800e+00   4.2041500e+00   2.8558600e+00
   1.7000000e+02   1.6474500e+00  -8.2142400e+00   1.2837700e+00
   1.7100000e+02   1.0537100e+01   3.0872500e+00   1.6222500e+00
   1.7200000e+02   4.2876500e+00   6.3976200e-01   6.6806600e-01
   1.7300000e+02  -8.8677200e+00  -1.0211800e+00   1.8425500e+00
   1.7400000e+02   2.1866400e+00   1.6705500e+00   1.0427400e+00
   1.7500000e+02  -3.7081100e+00   6.4866200e+00   1.8644300e+00
   1.7600000e+02   6.9287000e+00   9.5900200e+00   1.1508500e+00
   1.7700000e+02   4.7154300e-02   4.6780100e+00   8.1842800e-01
   1.7800000e+02   1.4147600e+00   1.0067100e+01   8.9572800e-01
   1.7900000e+02   4.6275600e+00   1.4500200e+01   2.2483400e+00
   1.8000000e+02   1.0378600e+00   1.8302700e+01   3.7008800e+00
   1.8100000e+02   5.7943700e+00  -1.0910000e+01   1.3428100e+00
   1.8200000e+02  -3.7906200e-01  -1.7179200e+01   5.9680400e-01
   1.8300000e+02  -4.4572000e+00  -1.6977200e+01   2.0149500e+00
   1.8400000e+02  -7.6064000e-01  -1.1009400e+01   1.4377600e-02
   1.8500000e+02   5.1326600e+00  -8.9465700e+00  -1.0264800e+00
   1.8600000e+02   6.1569000e+00  -1.8514300e+01   1.7837800e+00
   1.8700000e+02   4.5415900e+00  -6.8858000e+00  -6.1938100e-01
   1.8800000e+02   7.4522200e+00   3.3704100e+00   2.9457700e+00
   1.8900000e+02   5.5727700e+00  -3.4148700e+00   1.3354600e+00
   1.9000000e+02  -3.5653100e+00   4.3504500e+00   1.0131000e+00
   1.9100000e+02   1.5838300e+00   7.9913200e+00   1.8004800e+00
   1.9200000e+02   1.9139200e+00   3.7450300e+00   2.4464000e+00
   1.9300000e+02   5.3426700e+00   6.2611000e+00   1.5566200e+00
   1.9400000e+02   3.2670600e+00   9.1759600e+00   3.1256800e+00
   1.9500000e+02   7.0998600e+00   7.5112000e+00   5.7528300e-01
   1.9600000e+02   3.1161800e+00   1.1243900e+01   2.7188600e+00
   1.9700000e+02   8.0279400e+00   1.7102900e+01   1.0446400e+00
   1.9800000e+02   3.8076000e+00   1.8620800e+01  -2.5350400e-01
   1.9900000e+02   1.1708200e+00  -1.0242800e+01   6.1519600e-01
   2.0000000e+02   1.4365900e+00  -1.5299400e+01   5.8590200e-01
   2.0100000e+02   5.5272400e+00  -1.6510700e+01   1.0350400e+00
   2.0200000e+02   1.1364700e+01  -1.0453000e+01   8.9241700e-01
   2.0300000e+02   7.1924300e+00  -9.4017000e+00   1.8157300e+00
   2.0400000e+02   8.9723500e+00  -2.4511800e+00   7.8160500e-01
   2.0500000e+02   6.5037300e+00  -1.3047300e+01   1.6375100e+00
   2.0600000e+02   3.6443700e+00   5.0079700e+00   5.9828400e-01
   2.0700000e+02   3.5681200e+00  -2.8767400e+00   1.6671200e+00
   2.0800000e+02   1.0971400e+01  -3.0307900e+00   2.5205600e+00
   2.0900000e+02   8.4867200e+00  -4.3108900e-01   1.0632100e+00
   2.1000000e+02   8.5623400e+00   1.6221700e+00   4.4906600e-01
   2.1100000e+02  -1.5976700e+00  -6.2252600e-01   2.1572200e+00
   2.1200000e+02   8.7907800e+00   8.7112600e+00   6.0989800e-01
   2.1300000e+02   1.7645900e+00   5.8295800e+00   1.0479100e+00
   2.1400000e+02  -1.6911400e+00   3.4971900e+00   3.5481900e+00
   2.1500000e+02   8.4417200e+00   1.2856400e+01   2.2630100e+00
   2.1600000e+02   6.1404400e+00   1.8078800e+01   3.5381400e-01
   2.1700000e+02   4.6047400e+00  -1.9953800e+01   2.6611200e+00
   2.1800000e+02   2.4855900e+00  -1.9323200e+01   2.0727100e-01
   2.1900000e+02   1.0510000e+01  -1.4026900e+01   9.0276400e-01
   2.2000000e+02   6.5461200e+00  -7.4393100e+00   1.1604300e+00
   2.2100000e+02   2.5747300e+00  -1.1779300e+01   2.7801100e-01
   2.2200000e+02   1.1544800e+01  -4.9950000e+00   1.8562300e+00
   2.2300000e+02   5.7917000e+00   2.0997000e+00   2.7127700e+00
   2.2400000e+02   6.4392000e+00   1.2729300e-01   3.1639800e+00
   2.2500000e+02   3.4188600e+00   7.0689800e+00  -4.1711200e-01
   2.2600000e+02   8.9913800e+00   6.6418200e+00   5.6610600e-01
   2.2700000e+02  -1.8125900e+00   5.5713600e+00   1.7929300e+00
   2.2800000e+02   1.2255800e+01   4.2282200e+00   3.5160900e+00
   2.2900000e+02   1.2326800e+01   2.0647900e+00   3.5818100e-01
   2.3000000e+02   6.5268500e+00   1.3671800e+01   1.3695200e-01
   2.3100000e+02   4.9949600e+00   1.0396000e+01  -1.3417100e+00
   2.3200000e+02  -1.1956900e+00   1.9248100e+01   7.8618600e-01
   2.3300000e+02   4.4121000e+00   1.6647400e+01   2.9653500e+00
   2.3400000e+02   5.1660500e+00   8.3165200e+00   2.9642300e+00
   2.3500000e+02   7.8074200e+00  -1.1433900e+01   4.8228300e-01
   2.3600000e+02  -2.6851700e+00  -1.1932000e+01   1.1889800e+00
   2.3700000e+02   8.6804800e+00  -7.9752900e+00   9.9498700e-01
   2.3800000e+02   8.5169400e+00  -1.3487000e+01   6.2315400e-01
   2.3900000e+02   9.0430400e+00  -1.5547700e+01   1.9470400e+00
   2.4000000e+02   7.2295100e+00   5.4414900e+00   7.4811700e-01
   2.4100000e+02   3.8852000e+00   2.9556700e+00   2.4907100e+00
   2.4200000e+02   2.5003900e+00  -6.3237600e+00   1.7248800e+00
   2.4300000e+02   1.7693600e+01   3.4311400e+00  -2.3858000e-01
   2.4400000e+02   1.4041400e+01  -1.2456900e+00  -2.8795400e-01
   2.4500000e+02   1.4308000e+01   8.0749700e+00   5.2433100e-01
   2.4600000e+02   1.2455900e+01   9.0725700e+00  -5.6959600e-01
   2.4700000e+02   1.7584100e+01   5.5163400e+00   2.3075900e-01
   2.4800000e+02   2.9316900e+00   1.3314600e+01   1.4499100e+00
   2.4900000e+02   1.0406900e+01   1.2033700e+01   1.1164000e+00
   2.5000000e+02   1.4018000e+01   5.4357400e+00   1.7681900e+00
   2.5100000e+02   1.9507900e+01   2.0294500e-01  -7.9623700e-01
   2.5200000e+02   2.7583800e+00   1.5404500e+01  -1.8308800e+00
   2.5300000e+02   7.0148400e+00  -1.5051600e+01   2.3506000e+00
   2.5400000e+02   7.5748300e+00  -1.7030400e+01  -1.1625100e-01
   2.5500000e+02   1.7028500e+01  -4.1764700e+00   1.7916900e+00
   2.5600000e+02   1.0752700e+01  -8.4749900e+00   6.3958400e-01
   2.5700000e+02   1.0139900e+01  -6.4908800e+00   4.1406700e+00
   2.5800000e+02   8.0467800e+00  -5.9646700e+00   1.7623400e+00
   2.5900000e+02   1.5853900e+01   2.1153200e+00   1.9160900e+00
   2.6000000e+02   1.4214800e+01  -7.4117600e+00   1.2639500e+00
   2.6100000e+02   1.6237700e+01  -7.9419700e+00   1.6222600e+00
   2.6200000e+02   1.2583400e+01   6.9408300e+00   1.8784700e+00
   2.6300000e+02   1.3036000e+01  -3.1187000e+00   4.5092600e-01
   2.6400000e+02   1.0532900e+01   1.0246900e+00   2.5982700e+00
   2.6500000e+02   1.0741800e+01   7.8690200e+00   9.9373000e-01
   2.6600000e+02   1.5788500e+01   6.5822900e+00   1.7375300e+00
   2.6700000e+02   1.2141800e+01   1.3266200e+01  -5.1555300e-02
   2.6800000e+02   8.3325000e+00   1.5053500e+01   7.0604700e-01
   2.6900000e+02   6.7596600e+00   1.1639500e+01   9.7293500e-01
   2.7000000e+02   6.3180100e+00   1.5797300e+01  -1.5834800e+00
   2.7100000e+02   3.9294500e-01  -1.9117400e+01   9.2929900e-01
   2.7200000e+02   7.5590800e+00  -3.9451600e+00   1.0674300e+00
   2.7300000e+02   9.8918900e+00  -1.1930200e+01   1.1359900e+00
   2.7400000e+02   9.2808200e+00  -9.9601600e+00   1.2317900e-01
   2.7500000e+02   1.5930600e+01   1.2230300e-02   1.7646200e+00
   2.7600000e+02   1.4965400e+01  -3.8859100e+00   1.5956200e+00
   2.7700000e+02   1.4084100e+01   3.2511100e+00   1.0212500e+00
   2.7800000e+02   1.2298900e+01  -5.2750100e-02   1.2838900e+00
   2.7900000e+02   9.5297600e+00  -4.5247600e+00   1.8003000e-01
   2.8000000e+02   1.5663500e+01  -5.8302700e+00   1.6326700e+00
   2.8100000e+02   1.0868000e+01   5.7909900e+00   9.3100200e-01
   2.8200000e+02   1.6000600e+01  -2.0461000e+00   2.2246000e-01
   2.8300000e+02   1.5813500e+01   4.3737900e+00   1.1707100e+00
   2.8400000e+02   9.1240800e+00   4.5864700e+00   9.3131400e-02
   2.8500000e+02   1.4095300e+01   9.7961700e-01   5.0584000e-01
   2.8600000e+02   1.0557600e+01   9.9408500e+00  -6.6670400e-01
   2.8700000e+02   8.6250600e+00   1.0769500e+01   2.1380700e+00
   2.8800000e+02   1.2329800e+01   1.1216800e+01   5.9036900e-01
   2.8900000e+02   1.1912000e+01  -1.2493600e+01   2.9220800e+00
   2.9000000e+02   1.3376300e+01  -1.0986600e+01  -1.7338200e+00
   2.9100000e+02   1.7725700e+01  -6.3014200e+00   1.4308300e+00
   2.9200000e+02   1.2181100e+01  -6.9647400e+00   2.8562200e+00
   2.9300000e+02   1.7782900e+01  -9.2168000e-01   1.1907600e+00
   2.9400000e+02   1.4849200e+01  -9.5081900e+00   2.4531700e+00
   2.9500000e+02   1.2819200e+01  -8.9427500e+00   1.0991400e+00
   2.9600000e+02   1.9510900e+01   2.4625000e+00   9.7925400e-01
   2.9700000e+02   1.3558500e+01  -5.4391700e+00   1.4644000e+00
   2.9800000e+02   1.7745900e+01   1.2828500e+00  -6.4469000e-01
   2.9900000e+02   1.0465900e+01  -1.0391500e+00   2.2967800e+00
   3.0000000e+02   1.9148900e+01  -4.5033300e+00  -3.3908000e-01
