   1.0000000e+00  -1.2455100e+01  -6.4821300e+00  -1.9975000e+00
   2.0000000e+00  -1.2270100e+01  -1.0701700e+01  -9.1294100e-03
   3.0000000e+00  -1.5984600e+01  -8.7756600e+00   1.2297100e+00
   4.0000000e+00  -1.6226700e+01  -1.5718200e-01   5.3662200e+00
   5.0000000e+00  -1.4377200e+01  -3.3169300e+00  -6.4611600e-01
   6.0000000e+00  -1.0792900e+01  -3.3166800e+00   3.1882300e+00
   7.0000000e+00  -1.2632200e+01  -1.4759500e-01   1.4931700e-01
   8.0000000e+00  -1.6144100e+01  -4.3944300e+00  -7.6770000e-01
   9.0000000e+00  -1.5750700e+01  -1.1087400e+01   9.6046900e-01
   1.0000000e+01  -1.6060500e+01  -6.6788600e+00   9.7591100e-02
   1.1000000e+01  -1.8098400e+01   8.6182800e-01   3.6010000e+00
   1.2000000e+01  -1.6263100e+01   6.1524900e+00  -2.5692300e-01
   1.3000000e+01  -1.9841300e+01   4.0549400e+00   2.3602800e+00
   1.4000000e+01  -1.6280600e+01   8.3099500e+00   1.9903700e+00
   1.5000000e+01  -1.6238700e+01  -2.3048300e+00  -2.9902400e-01
   1.6000000e+01  -1.2704700e+01   6.1952800e+00   1.7191200e+00
   1.7000000e+01  -1.2789600e+01   1.2605200e+01  -2.5110500e+00
   1.8000000e+01  -1.4540900e+01   9.4558400e+00   9.9080900e-01
   1.9000000e+01  -1.1934600e+01  -1.2780600e+01   1.8359000e+00
   2.0000000e+01  -8.9432200e+00  -4.3389000e+00   1.3527900e+00
   2.1000000e+01  -9.7433100e+00  -1.5874500e+01   8.7629900e-01
   2.2000000e+01  -1.0716900e+01  -5.3839900e+00   8.1752700e-01
   2.3000000e+01  -9.0122200e+00  -2.2464500e+00  -2.6078300e-01
   2.4000000e+01  -1.7888700e+01  -5.5712800e+00   2.3959500e+00
   2.5000000e+01  -1.4320400e+01  -5.5320600e+00   1.1544100e+00
   2.6000000e+01  -1.2644800e+01   1.9334600e+00  -1.1899800e+00
   2.7000000e+01  -1.8025500e+01  -1.2364300e+00  -6.6442800e-01
   2.8000000e+01  -9.1382300e+00   4.1014300e+00   3.3761100e+00
   2.9000000e+01  -1.0917600e+01   5.1807500e+00   5.9717200e+00
   3.0000000e+01  -9.1394200e+00   8.3090800e+00   3.9393500e+00
   3.1000000e+01  -1.8040000e+01   5.1297300e+00   1.0439900e+00
   3.2000000e+01  -1.2612100e+01  -4.3674700e+00   9.9027800e-01
   3.3000000e+01  -1.4460300e+01   5.0732500e+00   1.0503200e+00
   3.4000000e+01  -1.4507600e+01   7.2256000e+00  -2.4814300e-01
   3.5000000e+01  -1.7973900e+01  -3.4516400e+00  -1.2782800e+00
   3.6000000e+01  -8.0252400e+00   1.6412000e+01   3.6592400e+00
   3.7000000e+01  -6.8123500e+00  -7.7053900e+00   8.9624900e-01
   3.8000000e+01  -9.9267500e+00  -1.3797100e+01   1.9609500e+00
   3.9000000e+01  -7.9410500e+00  -1.6857300e+01   6.2746100e-01
   4.0000000e+01  -1.4142400e+01  -9.7790700e+00   6.9665400e-01
   4.1000000e+01  -1.0218200e+01  -1.1653500e+01  -1.0009400e-01
   4.2000000e+01  -1.4457600e+01   2.9904800e+00   3.1610700e+00
   4.3000000e+01  -6.9974000e+00  -5.6014400e+00   4.5364900e+00
   4.4000000e+01  -1.4215100e+01  -7.7047300e+00   2.0505800e+00
   4.5000000e+01  -1.0836700e+01  -1.1827600e+00  -5.3530300e-01
   4.6000000e+01  -1.2604300e+01  -2.2576700e+00  -2.7218000e-01
   4.7000000e+01  -5.5745400e+00   6.2143000e+00   2.9614400e+00
   4.8000000e+01  -1.0910700e+01   9.3368100e+00  -9.0567500e-01
   4.9000000e+01  -9.1428100e+00   1.0412600e+01   2.2014200e+00
   5.0000000e+01  -1.6220200e+01   1.9208000e+00   1.8000900e+00
   5.1000000e+01  -1.0936000e+01   7.2651900e+00   2.3704100e-01
   5.2000000e+01  -3.6219200e+00   9.5178100e+00   2.1751200e+00
   5.3000000e+01  -4.2460000e+00   1.8881100e+01   2.6663400e+00
   5.4000000e+01  -1.0942300e+01   1.3554700e+01   1.6452900e+00
   5.5000000e+01  -3.6892600e+00  -1.7103300e+01   4.2347600e+00
   5.6000000e+01  -1.2363000e+01  -8.6319600e+00   3.1927800e+00
   5.7000000e+01  -1.0478200e+01  -9.5931100e+00   8.9851300e-01
   5.8000000e+01  -6.0401900e+00  -1.3970500e+01   1.4402100e+00
   5.9000000e+01  -1.0841700e+01   8.9911400e-01   8.7713400e-01
   6.0000000e+01  -5.1315700e+00  -6.4919900e+00   8.2770900e-01
   6.1000000e+01  -1.4395300e+01  -1.2418700e+00   1.4721700e-01
   6.2000000e+01  -9.9157000e-01  -1.0312100e+01   3.8666200e+00
   6.3000000e+01  -9.0432400e+00  -1.2695100e-01   5.8541300e-01
   6.4000000e+01  -5.4492200e+00  -8.5052700e-02   1.1242200e+00
   6.5000000e+01  -1.0861500e+01   2.9779100e+00   8.8648300e-01
   6.6000000e+01  -1.6260700e+01   4.0167700e+00   2.5683700e-01
   6.7000000e+01  -5.5294700e+00   2.0494800e+00  -1.9806400e+00
   6.8000000e+01  -9.1417000e+00   6.2091100e+00   2.3653700e+00
   6.9000000e+01  -1.8058400e+01   2.9779800e+00   5.9046300e-01
   7.0000000e+01  -7.3418300e+00   1.1408800e+01   1.5181400e+00
   7.1000000e+01  -1.2719800e+01   8.3088000e+00  -2.3998100e-01
   7.2000000e+01   1.2985400e+00   1.7155800e+01   1.9799600e+00
   7.3000000e+01  -1.3884600e+01  -1.2009700e+01  -8.1641600e-01
   7.4000000e+01  -1.1713200e+01  -1.4858400e+01   1.0879300e+00
   7.5000000e+01  -3.2092300e+00  -7.3281800e+00   1.4348300e+00
   7.6000000e+01   1.7640200e+00  -1.7937500e+00  -2.0448300e-01
   7.7000000e+01  -8.4966000e+00  -1.0516700e+01   2.0973300e+00
   7.8000000e+01  -8.7378400e+00  -8.4670400e+00   2.5599100e+00
   7.9000000e+01  -3.4685800e+00  -5.2758100e+00   4.1306100e+00
   8.0000000e+01  -5.5760800e+00   8.2944300e+00   1.1645200e+00
   8.1000000e+01  -8.8981500e+00  -6.3925000e+00   7.2558700e-01
   8.2000000e+01  -1.4435000e+01   8.7144900e-01   1.6331200e+00
   8.3000000e+01  -3.6515300e+00  -1.0869300e+00   9.7549600e-01
   8.4000000e+01  -7.3585000e+00   5.1710300e+00   4.2276100e+00
   8.5000000e+01  -5.5655200e+00   1.0369700e+01   2.8057800e+00
   8.6000000e+01  -9.0910300e+00   1.2480700e+01  -5.8168800e-01
   8.7000000e+01  -1.2673600e+01   4.0513900e+00   1.6845400e+00
   8.8000000e+01  -7.2905000e+00   1.3488000e+01   1.6256600e+00
   8.9000000e+01   1.2663100e+00   1.3547600e+01   6.0883200e-02
   9.0000000e+01  -9.1709800e+00   1.4687300e+01  -4.4039300e-01
   9.1000000e+01   3.5011900e+00  -1.8271200e+01   2.6583400e+00
   9.2000000e+01   1.6048800e+00  -1.7379500e+01   3.6405400e+00
   9.3000000e+01  -2.4596500e+00  -1.3561400e+01   1.6513100e+00
   9.4000000e+01  -8.2786400e+00  -1.2568400e+01   3.8749900e-01
   9.5000000e+01  -4.8695200e+00  -8.5404800e+00   1.7026700e+00
   9.6000000e+01   1.9387000e+00  -3.8466500e+00   5.0956000e+00
   9.7000000e+01  -1.9741500e+01  -2.3860200e+00  -2.1420700e+00
   9.8000000e+01  -5.3889300e+00  -2.1871500e+00   1.9636800e+00
   9.9000000e+01  -7.3433200e+00   3.0676300e+00   4.5661000e-01
   1.0000000e+02  -3.6034200e+00  -3.2269400e+00   3.8516700e+00
   1.0100000e+02   1.4322900e-02  -3.0134300e+00   1.0839700e+00
   1.0200000e+02  -1.2775000e+01   1.0519200e+01   1.8254100e+00
   1.0300000e+02  -8.2368900e-01   1.3574600e+01   9.0835600e-01
   1.0400000e+02   1.1258600e+00   6.3662600e+00   7.2865300e-01
   1.0500000e+02  -1.0946900e+01   1.1464400e+01   4.9778100e-01
   1.0600000e+02  -5.2173300e+00   1.7060900e+01   3.0523100e+00
   1.0700000e+02  -6.2008300e+00   1.5247100e+01   1.1854300e+00
   1.0800000e+02  -3.0749800e+00   1.7108200e+01   4.2878100e-03
   1.0900000e+02  -5.2465300e-01  -1.4460600e+01  -6.7695900e-01
   1.1000000e+02  -8.0158100e+00  -1.4631200e+01  -5.5797600e-01
   1.1100000e+02  -6.3619900e+00  -1.1814100e+01  -4.9467000e-01
   1.1200000e+02  -2.9914600e+00  -9.4090600e+00   1.7979200e+00
   1.1300000e+02   3.8708600e+00  -4.6486900e+00   4.3715800e+00
   1.1400000e+02  -1.4650900e+00  -6.2091800e+00   1.6272700e+00
   1.1500000e+02  -1.0624600e+01  -7.5083200e+00   1.2282600e+00
   1.1600000e+02  -3.7342300e+00   1.0488600e+00   1.5470600e+00
   1.1700000e+02  -1.1814700e-01  -9.4204400e-01   7.9265400e-02
   1.1800000e+02  -7.1675000e+00  -3.2725400e+00   4.4993600e+00
   1.1900000e+02  -7.3549900e+00   7.2504100e+00   1.5134300e+00
   1.2000000e+02  -7.3505800e+00   9.3363100e+00   9.1557800e-02
   1.2100000e+02   1.6844300e-01   1.5373000e+01  -7.9680800e-01
   1.2200000e+02  -3.7671100e+00   3.1090600e+00   1.2134100e+00
   1.2300000e+02   1.5811200e-01   1.1765200e+01   1.8077700e+00
   1.2400000e+02  -5.1595400e+00   1.3396900e+01   2.4283000e+00
   1.2500000e+02  -4.1359600e+00   1.5306400e+01   1.0116700e+00
   1.2600000e+02  -9.2684800e-01   1.7169600e+01   7.9138400e-01
   1.2700000e+02   4.6002400e-01  -7.1122700e+00   6.4551400e-01
   1.2800000e+02  -5.7672900e+00  -1.6024700e+01   3.5401100e+00
   1.2900000e+02  -4.3914500e+00  -1.2712600e+01   1.4611100e+00
   1.3000000e+02  -6.5539200e+00  -9.7560600e+00   6.5009500e-01
   1.3100000e+02  -1.7077900e+00  -4.1545400e+00   2.3373400e+00
   1.3200000e+02   1.1677700e+00  -1.3267400e+01   2.4613200e+00
   1.3300000e+02   2.1842800e+00  -5.9315800e+00  -1.7320600e-01
   1.3400000e+02   5.3043200e+00  -1.3377300e+00  -7.3278100e-01
   1.3500000e+02   7.6883700e+00  -6.2780400e+00   3.8519000e+00
   1.3600000e+02   3.3915100e+00  -5.3980600e-01  -2.0571300e+00
   1.3700000e+02  -1.8206200e+00  -2.0874100e+00   1.8494100e+00
   1.3800000e+02  -5.5765400e+00   4.1353000e+00   2.2470000e+00
   1.3900000e+02  -8.9145400e-01   9.9651400e+00  -2.3974700e-01
   1.4000000e+02  -1.9952700e+00   8.2324500e+00   2.4964500e+00
   1.4100000e+02  -3.9767300e+00   1.1679300e+01   4.9263800e-01
   1.4200000e+02  -1.9187400e+00   1.1792500e+01  -1.1872900e+00
   1.4300000e+02  -2.9871900e+00   1.3569700e+01   1.2822100e+00
   1.4400000e+02   5.4510700e+00   1.3498600e+01   3.4440300e-01
   1.4500000e+02   3.3206700e+00  -1.6210000e+01   2.0498300e+00
   1.4600000e+02  -1.2481400e+00  -8.2638700e+00   7.5562900e-01
   1.4700000e+02   4.8420800e+00  -1.2882300e+01   4.7562800e-01
   1.4800000e+02  -4.6642800e+00  -1.0622000e+01   3.9438700e+00
   1.4900000e+02   7.1970900e+00  -2.1513600e+00   1.5838200e+00
   1.5000000e+02  -5.3231300e+00  -4.3737700e+00  -1.1163900e+00
   1.5100000e+02   2.6908400e-01  -5.0545000e+00   4.7145400e+00
   1.5200000e+02   5.7889100e+00  -5.4825100e+00   2.6279800e+00
   1.5300000e+02   1.0595800e+00   2.7743800e+00   2.5160500e+00
   1.5400000e+02  -1.4164000e-01   1.1106900e+00   2.8358900e-01
   1.5500000e+02  -7.2785800e+00   9.3188000e-01   1.2978000e+00
   1.5600000e+02  -9.0764900e+00   1.9425000e+00  -1.4057300e+00
   1.5700000e+02   6.2773300e-02   4.5869000e+00   1.0387100e+00
   1.5800000e+02  -1.9806400e+00   1.5366400e+01   3.1878600e+00
   1.5900000e+02   9.6515100e+00   1.3382800e+01   8.9331000e-02
   1.6000000e+02   2.2505300e+00   1.1741000e+01   1.3547400e+00
   1.6100000e+02   8.0093300e-02   8.1508600e+00   1.8791500e-01
   1.6200000e+02  -2.1304100e+00   1.8950900e+01   1.2089100e+00
   1.6300000e+02  -2.2480800e+00  -1.5645500e+01   2.0529100e+00
   1.6400000e+02  -5.8962600e+00  -1.8079300e+01   3.5315600e+00
   1.6500000e+02   3.1438000e+00  -1.4104100e+01   9.4066100e-01
   1.6600000e+02   4.6082700e+00  -1.0830300e+01   4.2641900e+00
   1.6700000e+02   2.7149300e+00  -1.0026800e+01   1.7980000e+00
   1.6800000e+02  -7.4383800e-01  -1.2373300e+01   9.1121400e-01
   1.6900000e+02   6.3057500e+00   4.4796700e+00   2.9147100e+00
   1.7000000e+02   2.4455800e+00  -7.9869200e+00   1.2191100e+00
   1.7100000e+02   9.3344700e+00   2.3887600e+00   3.7831200e+00
   1.7200000e+02   5.0365400e+00   7.0515900e-01  -1.8988000e+00
   1.7300000e+02  -7.2342700e+00  -1.1823800e+00   1.7404900e-01
   1.7400000e+02   1.9107400e+00   8.9537900e-01   1.1248200e+00
   1.7500000e+02  -3.7953600e+00   7.2545900e+00   1.8435600e+00
   1.7600000e+02   7.4709200e+00   9.8596700e+00   4.7779100e-01
   1.7700000e+02  -1.9631300e+00   4.1833300e+00   5.2889200e-01
   1.7800000e+02   1.1692100e+00   9.9683700e+00   1.6203300e+00
   1.7900000e+02   4.4908100e+00   1.5355400e+01  -1.0627200e+00
   1.8000000e+02   2.3257500e+00   1.8956800e+01   1.1118600e+00
   1.8100000e+02   6.3024700e+00  -9.6104700e+00   2.8249800e+00
   1.8200000e+02  -3.1424500e-01  -1.6510100e+01   3.3727500e+00
   1.8300000e+02  -4.1277600e+00  -1.4787900e+01   3.3422000e+00
   1.8400000e+02   1.0308900e+00  -1.1205700e+01   2.2168700e+00
   1.8500000e+02   4.3745300e+00  -8.7733100e+00  -8.1287200e-01
   1.8600000e+02   5.2515200e+00  -1.6974700e+01   3.2409900e+00
   1.8700000e+02   6.0841500e+00  -7.5706000e+00   1.0436500e+00
   1.8800000e+02   8.3678400e+00   4.3894200e+00   2.1363900e+00
   1.8900000e+02   5.5456400e+00  -3.4055800e+00   6.9558200e-01
   1.9000000e+02  -3.7667300e+00   5.1853600e+00  -1.8612200e+00
   1.9100000e+02   2.1884500e+00   8.1710300e+00  -4.2495700e-01
   1.9200000e+02   2.1216300e+00   4.5437000e+00   1.0856600e-01
   1.9300000e+02   5.3069300e+00   6.3091600e+00   2.6169200e+00
   1.9400000e+02   3.2767200e+00   9.9367000e+00   5.8191700e-01
   1.9500000e+02   8.5001800e+00   8.0275900e+00  -1.2704400e-02
   1.9600000e+02   4.3451600e+00   1.1699400e+01   1.1535500e+00
   1.9700000e+02   8.6714600e+00   1.5229700e+01   3.9981600e+00
   1.9800000e+02   4.4372800e+00   1.8945900e+01   2.0592900e+00
   1.9900000e+02   7.2472500e-01  -9.1606700e+00   3.5566400e+00
   2.0000000e+02   1.3955100e+00  -1.5312600e+01   4.3285100e-01
   2.0100000e+02   5.0517700e+00  -1.4929000e+01   5.3955900e-01
   2.0200000e+02   1.3797900e+01  -1.0694700e+01   3.2637800e+00
   2.0300000e+02   9.6455200e+00  -7.0711500e+00   2.0697100e+00
   2.0400000e+02   9.1110900e+00  -2.9720500e+00   2.6405500e+00
   2.0500000e+02   6.5042700e+00  -1.1663600e+01   1.9981900e+00
   2.0600000e+02   4.1709300e+00   4.5359100e+00   1.7125400e+00
   2.0700000e+02   3.6575100e+00  -2.5939300e+00  -3.9408000e-01
   2.0800000e+02   1.2594700e+01  -2.3879400e+00   2.9444600e+00
   2.0900000e+02   8.7703500e+00  -8.0186300e-01   2.6509200e+00
   2.1000000e+02   7.2821000e+00   2.5662200e+00   1.4781600e+00
   2.1100000e+02  -1.9372700e+00   3.6734700e-02   1.7161800e-01
   2.1200000e+02   1.0582100e+01   7.9838600e+00  -8.4231700e-01
   2.1300000e+02   3.1878000e+00   6.3376300e+00  -2.2156900e+00
   2.1400000e+02  -1.9585500e+00   2.1077800e+00  -6.9467400e-01
   2.1500000e+02   8.5492700e+00   1.1633500e+01   4.1747100e+00
   2.1600000e+02   5.6030300e+00   1.7138000e+01   3.0746600e+00
   2.1700000e+02   5.4688200e+00  -1.9035400e+01  -7.1902300e-01
   2.1800000e+02   9.6029000e-01  -1.9340700e+01  -3.1173700e+00
   2.1900000e+02   1.0548700e+01  -1.5407400e+01  -1.3571300e-01
   2.2000000e+02   7.9943000e+00  -8.3488000e+00   2.1538800e+00
   2.2100000e+02   2.9248700e+00  -1.2067900e+01   2.4284000e+00
   2.2200000e+02   1.3235100e+01  -6.5429900e+00   2.3528700e+00
   2.2300000e+02   5.1949600e+00   2.7505200e+00  -7.4536000e-01
   2.2400000e+02   7.1202200e+00   4.3186800e-01   2.3557000e+00
   2.2500000e+02   4.2793800e+00   8.1368800e+00   6.7078700e-01
   2.2600000e+02   9.4328600e+00   6.1672300e+00   2.2176400e+00
   2.2700000e+02  -1.2666800e+00   6.2948400e+00   1.1732600e-01
   2.2800000e+02   1.2482200e+01   4.3009100e+00   4.2140500e-02
   2.2900000e+02   1.1400000e+01   2.4260200e+00   4.7151600e+00
   2.3000000e+02   7.5610700e+00   1.3438300e+01   1.2876700e+00
   2.3100000e+02   5.3594800e+00   9.8895900e+00   1.7915900e+00
   2.3200000e+02   1.7948300e-01   1.8953900e+01   2.3892900e-01
   2.3300000e+02   3.4193600e+00   1.7151300e+01   9.9190600e-01
   2.3400000e+02   6.3800500e+00   8.0863300e+00  -7.1366400e-01
   2.3500000e+02   8.2565000e+00  -1.0391000e+01   1.8678600e+00
   2.3600000e+02  -2.6887800e+00  -1.1503300e+01   1.2663300e+00
   2.3700000e+02   9.9425900e+00  -9.1195300e+00   7.0940100e-01
   2.3800000e+02   8.4126600e+00  -1.2462700e+01  -3.7233700e+00
   2.3900000e+02   8.6410800e+00  -1.4553300e+01  -9.2060000e-01
   2.4000000e+02   7.3661300e+00   6.2673100e+00   1.2861400e+00
   2.4100000e+02   3.1072800e+00   2.5749600e+00  -5.8324100e-01
   2.4200000e+02   4.1070800e+00  -6.7244700e+00  -3.5387400e+00
   2.4300000e+02   1.8693100e+01   3.4746700e+00   1.6071300e+00
   2.4400000e+02   1.4157200e+01  -1.0240000e+00   5.4846100e+00
   2.4500000e+02   1.4758700e+01   7.9225700e+00  -7.4824800e-01
   2.4600000e+02   1.3821400e+01   9.7609000e+00   1.5898200e+00
   2.4700000e+02   1.7776700e+01   5.6126400e+00   1.7658900e+00
   2.4800000e+02   3.3297200e+00   1.3547100e+01   3.7926700e-01
   2.4900000e+02   1.0700200e+01   1.1599000e+01   2.2026100e+00
   2.5000000e+02   1.5685700e+01   6.0005900e+00   3.3139400e+00
   2.5100000e+02   1.9243700e+01   1.0395400e+00   3.8031300e+00
   2.5200000e+02   2.2778700e+00   1.5343800e+01   7.6244600e-01
   2.5300000e+02   6.7385000e+00  -1.3709600e+01  -3.5094000e-01
   2.5400000e+02   6.9533000e+00  -1.5766500e+01   2.3978100e-01
   2.5500000e+02   1.8168300e+01  -2.6095500e+00   7.6280000e-01
   2.5600000e+02   1.1871900e+01  -9.9541000e+00   3.2248800e+00
   2.5700000e+02   1.1329900e+01  -5.7779500e+00   2.2323400e+00
   2.5800000e+02   9.3911600e+00  -5.0149200e+00  -1.0124600e+00
   2.5900000e+02   1.5228900e+01   2.2280900e+00   9.9784000e-01
   2.6000000e+02   1.5134300e+01  -7.3235800e+00   9.7014800e-01
   2.6100000e+02   1.7099200e+01  -8.1255600e+00   1.8327200e+00
   2.6200000e+02   1.3626100e+01   6.1375900e+00   3.9622400e-01
   2.6300000e+02   1.2951500e+01  -4.4380800e+00   1.4954200e+00
   2.6400000e+02   1.0318000e+01   5.5688500e-01  -3.8660200e-01
   2.6500000e+02   1.2676000e+01   7.9666100e+00  -8.9229600e-01
   2.6600000e+02   1.6806600e+01   7.7249900e+00   1.2194300e+00
   2.6700000e+02   1.2815100e+01   1.1588100e+01   5.0961700e+00
   2.6800000e+02   1.0741800e+01   1.5182400e+01  -1.5541300e+00
   2.6900000e+02   6.4240200e+00   1.1676000e+01   2.4671400e+00
   2.7000000e+02   6.5668900e+00   1.5324100e+01   1.5215500e+00
   2.7100000e+02  -1.4373300e+00  -1.8295900e+01  -1.6806100e+00
   2.7200000e+02   7.4641800e+00  -4.2365800e+00   1.0513000e+00
   2.7300000e+02   1.0179800e+01  -1.1167200e+01   2.6643800e+00
   2.7400000e+02   1.2181000e+01  -1.2093000e+01   9.4788500e-01
   2.7500000e+02   1.5872900e+01   2.4412700e-01   2.0095800e+00
   2.7600000e+02   1.4550800e+01  -3.1071700e+00   4.9532600e-01
   2.7700000e+02   1.4543500e+01   4.2381200e+00   2.3296100e+00
   2.7800000e+02   1.2233200e+01  -2.3310800e-01   2.8771400e+00
   2.7900000e+02   1.1031800e+01  -3.7173200e+00  -1.6411200e+00
   2.8000000e+02   1.6498000e+01  -3.9255400e+00   6.8115500e-01
   2.8100000e+02   1.1517200e+01   6.1295700e+00   1.9253300e-01
   2.8200000e+02   1.6167900e+01  -1.7930300e+00  -1.0432800e-01
   2.8300000e+02   1.6615300e+01   3.8209000e+00   2.5730800e+00
   2.8400000e+02   1.0427900e+01   4.2383200e+00   9.8580000e-01
   2.8500000e+02   1.3287900e+01   1.5420700e+00  -2.0506800e+00
   2.8600000e+02   1.1643300e+01   9.7603000e+00   2.1678800e+00
   2.8700000e+02   9.5492100e+00   9.8182300e+00  -6.7176800e-01
   2.8800000e+02   1.1812300e+01   1.3407300e+01   1.6140500e+00
   2.8900000e+02   1.0322400e+01  -1.3240700e+01   1.8130200e+00
   2.9000000e+02   1.2192300e+01  -1.4156500e+01   1.2736200e-01
   2.9100000e+02   1.6793700e+01  -6.0884000e+00   1.0641000e+00
   2.9200000e+02   1.1568700e+01  -7.8417800e+00   1.4147600e+00
   2.9300000e+02   1.7793400e+01  -4.7251900e-01   5.2792600e-01
   2.9400000e+02   1.5439600e+01  -9.3544300e+00   2.4895100e+00
   2.9500000e+02   1.3481600e+01  -8.6340000e+00   2.3274500e+00
   2.9600000e+02   2.0562700e+01   2.6295800e+00   3.1620600e+00
   2.9700000e+02   1.4887600e+01  -5.2829600e+00   1.0083500e+00
   2.9800000e+02   1.7291500e+01   1.8613900e+00  -2.8799700e-01
   2.9900000e+02   1.0674300e+01  -1.5970400e+00   3.5648500e+00
   3.0000000e+02   1.8394300e+01  -4.7484100e+00   2.9453600e-01
