   1.0000000e+00  -1.2139500e+01  -5.2535400e+00   7.1250600e-01
   2.0000000e+00  -1.3392200e+01  -1.1380400e+01   1.9320500e+00
   3.0000000e+00  -1.6350000e+01  -8.4685900e+00  -6.9445100e-01
   4.0000000e+00  -1.7120700e+01   3.5909400e-01  -2.5860500e-01
   5.0000000e+00  -1.5590000e+01  -2.9487900e+00   2.1793700e+00
   6.0000000e+00  -1.1964900e+01  -3.1228900e+00   3.8528300e-01
   7.0000000e+00  -1.3560500e+01   2.8928900e-01   1.6247600e+00
   8.0000000e+00  -1.7486600e+01  -3.7508900e+00  -1.2848700e+00
   9.0000000e+00  -1.5327100e+01  -1.2210800e+01   2.8090500e+00
   1.0000000e+01  -1.7130400e+01  -6.5492100e+00   4.7619400e-01
   1.1000000e+01  -2.0728100e+01   2.4064500e+00   3.0829700e-01
   1.2000000e+01  -1.7252300e+01   6.8061100e+00   1.5848800e+00
   1.3000000e+01  -2.0729600e+01   4.5072100e+00   1.1576600e+00
   1.4000000e+01  -1.5376100e+01   9.7723500e+00   6.1408700e-01
   1.5000000e+01  -1.7235200e+01  -1.7085400e+00   8.3345100e-01
   1.6000000e+01  -1.3601200e+01   6.6218800e+00   9.8867400e-01
   1.7000000e+01  -1.1770400e+01   1.3917500e+01   1.7427600e+00
   1.8000000e+01  -1.3572400e+01   1.2908300e+01   1.4753700e+00
   1.9000000e+01  -1.1632500e+01  -1.2629900e+01   1.0377100e+00
   2.0000000e+01  -1.0176200e+01  -4.1540100e+00   2.1343400e+00
   2.1000000e+01  -1.0424700e+01  -1.6038900e+01  -4.2894400e-01
   2.2000000e+01  -1.0336200e+01  -6.2382100e+00   1.8622300e+00
   2.3000000e+01  -1.0160800e+01  -2.0839100e+00   1.3371000e+00
   2.4000000e+01  -1.8953900e+01  -5.5920200e+00   1.6948100e+00
   2.5000000e+01  -1.5762500e+01  -5.0051200e+00   1.3005200e+00
   2.6000000e+01  -1.3532100e+01   2.4411500e+00   1.9629600e+00
   2.7000000e+01  -1.8924800e+01   1.3836900e+00   1.9056600e+00
   2.8000000e+01  -9.7950400e+00   4.4395300e+00   6.5010800e-01
   2.9000000e+01  -1.1651300e+01   5.5449700e+00   1.2482700e+00
   3.0000000e+01  -9.9652200e+00   8.6797700e+00   1.1499300e+00
   3.1000000e+01  -1.8936500e+01   5.5723900e+00   4.0169400e-01
   3.2000000e+01  -1.3879400e+01  -4.1445600e+00   5.4674000e-01
   3.3000000e+01  -1.5387700e+01   5.6035500e+00   1.7119600e+00
   3.4000000e+01  -1.5393100e+01   7.7016000e+00   2.9038000e-01
   3.5000000e+01  -1.9295600e+01  -2.5581900e+00   1.0209500e+00
   3.6000000e+01  -8.6816400e+00   1.6803000e+01   7.1413300e-01
   3.7000000e+01  -7.4860200e+00  -9.8632000e+00   1.9946400e+00
   3.8000000e+01  -1.0053300e+01  -1.4002700e+01   1.7834800e+00
   3.9000000e+01  -8.8666800e+00  -1.7425600e+01   1.2249100e+00
   4.0000000e+01  -1.5077600e+01  -1.0137400e+01   2.4569500e+00
   4.1000000e+01  -1.1464000e+01  -1.0522200e+01   1.9537500e+00
   4.2000000e+01  -1.5304800e+01   3.5201500e+00   1.0982600e+00
   4.3000000e+01  -8.3929800e+00  -5.5349400e+00   6.7978800e-01
   4.4000000e+01  -1.4974600e+01  -6.9227500e+00   1.4646700e-01
   4.5000000e+01  -1.1945500e+01  -9.9594700e-01   5.8543000e-01
   4.6000000e+01  -1.3738500e+01  -2.0286800e+00   6.1796800e-01
   4.7000000e+01  -6.2727100e+00   6.6389000e+00   1.1230900e+00
   4.8000000e+01  -1.1769300e+01   9.7282800e+00   2.3240400e-01
   4.9000000e+01  -9.9550800e+00   1.0740200e+01   1.5437600e+00
   5.0000000e+01  -1.7078200e+01   2.4622700e+00   1.5605400e+00
   5.1000000e+01  -1.1743200e+01   7.6125900e+00   1.8623500e+00
   5.2000000e+01  -2.8267800e+00   1.1027100e+01   2.3758000e-01
   5.3000000e+01  -5.7967600e+00   1.9657600e+01   1.0892000e+00
   5.4000000e+01  -1.0691300e+01   1.5720500e+01   1.2060900e+00
   5.5000000e+01  -1.9045100e+00  -1.9911200e+01   1.0582500e+00
   5.6000000e+01  -1.2891500e+01  -7.2216400e+00   1.0433000e+00
   5.7000000e+01  -1.3158200e+01  -9.3031100e+00   3.3822200e-01
   5.8000000e+01  -5.0649200e+00  -1.5625600e+01   1.5996300e+00
   5.9000000e+01  -1.1757100e+01   1.3016400e+00   6.7108300e-01
   6.0000000e+01  -6.8233700e+00  -7.9033700e+00   2.5170500e+00
   6.1000000e+01  -1.5376100e+01  -7.7419500e-01   1.2997900e+00
   6.2000000e+01  -1.5658900e+00  -1.0516700e+01   7.9280400e-01
   6.3000000e+01  -9.9915700e+00   2.3571400e+00   6.2434300e-01
   6.4000000e+01  -8.3536800e+00  -1.0691800e+00  -4.9229100e-01
   6.5000000e+01  -1.1754500e+01   3.4877500e+00   3.0836300e+00
   6.6000000e+01  -1.7137800e+01   4.5118100e+00   1.4957800e+00
   6.7000000e+01  -6.3375600e+00   8.5603500e-01   1.5267300e+00
   6.8000000e+01  -9.8637400e+00   6.5582700e+00   1.6059800e+00
   6.9000000e+01  -1.8925300e+01   3.4492600e+00   1.7074100e+00
   7.0000000e+01  -8.1734600e+00   1.1790100e+01   1.3679900e+00
   7.1000000e+01  -1.3577000e+01   8.7006200e+00  -5.2166400e-01
   7.2000000e+01   1.2374300e+00   1.7159600e+01   1.1839600e+00
   7.3000000e+01  -1.3639500e+01  -1.3426300e+01   9.2573700e-01
   7.4000000e+01  -1.2006000e+01  -1.4703700e+01   2.6285900e-01
   7.5000000e+01  -6.0811300e+00  -5.9599200e+00   1.8426400e+00
   7.6000000e+01   1.1243600e+00  -2.1674100e+00   1.4858400e+00
   7.7000000e+01  -9.6080100e+00  -1.1788100e+01   6.4856000e-01
   7.8000000e+01  -9.5403100e+00  -9.6854600e+00   1.1642900e+00
   7.9000000e+01  -4.2971800e+00  -4.8403000e+00   2.1334500e+00
   8.0000000e+01  -6.3315300e+00   8.7310100e+00   1.1453700e+00
   8.1000000e+01  -8.8763100e+00  -7.7192000e+00   7.3842800e-01
   8.2000000e+01  -1.5311100e+01   1.3796800e+00   3.9416700e-01
   8.3000000e+01  -4.7943500e+00  -5.1196100e-01   1.2766900e+00
   8.4000000e+01  -8.0304300e+00   5.5697000e+00   1.7032800e+00
   8.5000000e+01  -6.3722200e+00   1.0804200e+01   1.0476200e+00
   8.6000000e+01  -9.9321300e+00   1.2905200e+01   6.4917000e-01
   8.7000000e+01  -1.3514600e+01   4.5690200e+00   1.7372800e+00
   8.8000000e+01  -7.1080000e+00   1.3551000e+01   1.0038500e+00
   8.9000000e+01   1.9783500e-01   1.3120000e+01   1.1580900e-01
   9.0000000e+01  -8.8525900e+00   1.4673200e+01   9.4521600e-01
   9.1000000e+01   4.2942000e+00  -1.8271200e+01   7.3364200e-01
   9.2000000e+01   2.2209400e+00  -1.8204100e+01   2.6639300e-01
   9.3000000e+01  -2.8801200e+00  -1.5945800e+01   3.1489800e-01
   9.4000000e+01  -8.1329900e+00  -1.3256600e+01   1.2419600e+00
   9.5000000e+01  -5.4384800e+00  -9.4655800e+00   1.8070300e+00
   9.6000000e+01   1.4846700e+00  -4.1895700e+00   4.5657700e-01
   9.7000000e+01  -2.0158500e+01  -3.3997800e-01   7.0805000e-01
   9.8000000e+01  -6.4530700e+00  -1.8549400e+00   1.2584200e+00
   9.9000000e+01  -6.1873100e+00   4.5746500e+00   1.6358500e+00
   1.0000000e+02  -4.5831800e+00  -2.7159800e+00   1.3983600e+00
   1.0100000e+02  -6.0585000e-01  -3.8214300e+00   2.3141400e+00
   1.0200000e+02  -1.3572300e+01   1.0773000e+01   1.0075500e+00
   1.0300000e+02  -1.0790800e+00   1.4773000e+01   1.9820100e+00
   1.0400000e+02  -2.5657600e+00   6.9236000e+00   1.9671300e+00
   1.0500000e+02  -1.1767200e+01   1.1831900e+01   9.9678400e-01
   1.0600000e+02  -6.7712100e+00   1.7648700e+01   7.1283300e-01
   1.0700000e+02  -6.9930300e+00   1.5604100e+01   3.3319400e-02
   1.0800000e+02  -4.3853500e+00   1.8087500e+01   1.5035600e-01
   1.0900000e+02  -7.9917000e-01  -1.6040600e+01   8.8950100e-01
   1.1000000e+02  -8.3990100e+00  -1.5296300e+01   1.8231700e+00
   1.1100000e+02  -6.1415700e+00  -1.3846000e+01  -1.5143100e-01
   1.1200000e+02  -3.6138600e+00  -1.0485400e+01  -1.5948900e-01
   1.1300000e+02   2.5942500e+00  -5.9291800e+00  -1.0216100e+00
   1.1400000e+02  -4.2274500e+00  -6.9417000e+00  -1.1750700e+00
   1.1500000e+02  -1.1105100e+01  -8.2559600e+00   1.1959500e+00
   1.1600000e+02  -2.8345100e+00  -1.1079000e+00   1.6994100e+00
   1.1700000e+02  -8.9384500e-01  -1.7656700e+00   8.8528900e-01
   1.1800000e+02  -8.2376900e+00  -3.1244200e+00   2.6002700e-01
   1.1900000e+02  -8.0989700e+00   7.6315100e+00   7.6094300e-01
   1.2000000e+02  -8.1728700e+00   9.6936700e+00  -1.1372200e-01
   1.2100000e+02   9.6671600e-01   1.5112200e+01   7.5584400e-02
   1.2200000e+02  -3.5470200e+00   1.3711200e+00   7.3738200e-01
   1.2300000e+02  -7.4309200e-01   1.1273100e+01   1.6337600e+00
   1.2400000e+02  -5.0897900e+00   1.4000900e+01   1.3790400e+00
   1.2500000e+02  -4.8324300e+00   1.6059400e+01  -3.0459100e-01
   1.2600000e+02  -8.0835500e-01   1.6861300e+01   1.1706000e+00
   1.2700000e+02  -2.6921200e-01  -8.8856100e+00   2.6216400e+00
   1.2800000e+02  -6.8892000e+00  -1.6761900e+01   1.7226700e+00
   1.2900000e+02  -3.7121300e+00  -1.4073500e+01   1.0805200e+00
   1.3000000e+02  -6.7006500e+00  -1.1756700e+01  -5.2280200e-02
   1.3100000e+02  -2.2034100e+00  -5.1894700e+00  -2.7229800e-02
   1.3200000e+02   4.3745900e-01  -1.4149900e+01  -3.3103700e-01
   1.3300000e+02   1.2901200e-01  -5.7499000e+00   2.8087400e-01
   1.3400000e+02   4.7178200e+00  -1.6395000e+00   1.5227800e+00
   1.3500000e+02   5.9160600e+00  -6.1619200e+00   1.2974800e+00
   1.3600000e+02   2.7910000e+00  -9.3075100e-01   1.7432700e+00
   1.3700000e+02  -2.5596200e+00  -3.1638700e+00   1.8160300e+00
   1.3800000e+02  -5.3064400e+00   2.6770200e+00   1.8648400e+00
   1.3900000e+02  -2.6816800e+00   8.9750100e+00   9.9057800e-01
   1.4000000e+02  -4.5400800e+00   9.8837400e+00   7.5374800e-01
   1.4100000e+02  -4.6513600e+00   1.1986800e+01   1.0371800e+00
   1.4200000e+02  -1.9982400e+00   1.2917000e+01   1.6833200e+00
   1.4300000e+02  -3.1286300e+00   1.4626100e+01   1.3750400e+00
   1.4400000e+02   4.3006800e+00   1.2631400e+01   1.3372500e+00
   1.4500000e+02   3.3190200e+00  -1.6445600e+01   1.2977300e+00
   1.4600000e+02  -2.9061100e+00  -8.5398500e+00   4.4717700e-01
   1.4700000e+02   5.8629800e+00  -1.3203700e+01   1.2934400e+00
   1.4800000e+02  -4.6944300e+00  -1.2253700e+01  -2.5999900e-01
   1.4900000e+02   6.7142200e+00  -2.1239300e+00   1.9259200e+00
   1.5000000e+02  -6.3142500e+00  -3.9100500e+00   1.1437000e+00
   1.5100000e+02  -1.3873900e+00  -7.1491100e+00  -2.4560900e-02
   1.5200000e+02   4.1723500e+00  -7.2543400e+00   1.4923800e+00
   1.5300000e+02   1.4518400e-01   1.8385700e+00  -9.1852400e-02
   1.5400000e+02   4.5948400e-01  -2.0221200e-01   5.8712100e-01
   1.5500000e+02  -8.3790300e+00   1.0692900e+00   7.8849000e-01
   1.5600000e+02  -7.8263700e+00   3.0930600e+00   8.1995700e-01
   1.5700000e+02  -1.8679500e+00   4.9799800e+00   8.1273100e-01
   1.5800000e+02  -2.8590500e+00   1.6658100e+01   1.5260200e+00
   1.5900000e+02   1.0058100e+01   1.3614200e+01   1.4641600e+00
   1.6000000e+02   2.6498600e+00   1.3870100e+01   2.4975100e+00
   1.6100000e+02  -5.8370200e-01   8.8862500e+00   1.2068600e+00
   1.6200000e+02  -2.3026900e+00   1.8641400e+01   8.9270100e-01
   1.6300000e+02  -1.9862100e+00  -1.7832500e+01   1.6897100e+00
   1.6400000e+02  -6.2083800e+00  -1.8703600e+01   2.2677000e+00
   1.6500000e+02   2.5035000e+00  -1.4417200e+01   1.7872900e-01
   1.6600000e+02   3.8267000e+00  -1.2810000e+01   1.8910700e+00
   1.6700000e+02   3.0452000e+00  -1.0892100e+01   1.3800400e+00
   1.6800000e+02  -1.6313800e+00  -1.4136000e+01   1.4444600e+00
   1.6900000e+02   5.5086200e+00   4.0108000e+00   3.9366400e-01
   1.7000000e+02   1.2359100e+00  -7.4760000e+00   2.7136500e+00
   1.7100000e+02   1.0286200e+01   2.5815100e+00  -7.6244800e-01
   1.7200000e+02   4.1904600e+00   5.7975900e-01   2.8679700e+00
   1.7300000e+02  -1.0145200e+01   1.7580900e-02   6.3160900e-01
   1.7400000e+02   2.1652400e+00   1.0254000e+00   1.4124500e+00
   1.7500000e+02  -4.4309000e+00   7.8346500e+00   1.0826100e-01
   1.7600000e+02   5.9190000e+00   9.4564200e+00   2.1360200e+00
   1.7700000e+02  -1.4219700e-01   3.8752800e+00   1.6835300e+00
   1.7800000e+02   1.0134200e+00   1.0192300e+01   8.4475400e-01
   1.7900000e+02   4.7877300e+00   1.6799700e+01   2.3615200e+00
   1.8000000e+02   2.3896200e+00   1.9967300e+01   1.7926600e+00
   1.8100000e+02   6.9612200e+00  -1.0168500e+01   8.8118300e-01
   1.8200000e+02   1.4013800e-01  -1.7899700e+01   5.4107000e-01
   1.8300000e+02  -4.2137600e+00  -1.7534200e+01   1.4248900e+00
   1.8400000e+02  -4.3121200e-01  -1.2269000e+01   1.4835100e+00
   1.8500000e+02   5.2021800e+00  -1.1252500e+01   1.2245000e+00
   1.8600000e+02   5.5632100e+00  -1.6622800e+01   1.2802300e+00
   1.8700000e+02   4.8648600e+00  -9.2159800e+00   7.6343700e-01
   1.8800000e+02   7.4292300e+00   3.2511400e+00   2.4162000e-01
   1.8900000e+02   4.3015500e+00  -4.7599300e+00   2.8724900e+00
   1.9000000e+02  -3.5396400e+00   3.7885400e+00   8.6388700e-01
   1.9100000e+02  -4.6937400e-01   6.8049000e+00   1.8872800e+00
   1.9200000e+02   1.8233300e+00   3.0570000e+00   9.6385200e-01
   1.9300000e+02   4.8039400e+00   5.9437500e+00   1.5549000e+00
   1.9400000e+02   2.5308400e+00   8.7768300e+00   9.6239200e-01
   1.9500000e+02   7.6466100e+00   8.3327900e+00   9.0136000e-01
   1.9600000e+02   2.2652600e+00   1.1838400e+01   6.2126300e-01
   1.9700000e+02   8.3972800e+00   1.6546200e+01   9.7132900e-01
   1.9800000e+02   5.0108800e+00   1.9026200e+01   8.9206400e-01
   1.9900000e+02   9.8973400e-01  -1.0555000e+01   1.3454100e+00
   2.0000000e+02   1.2726600e+00  -1.6122900e+01   7.0515500e-01
   2.0100000e+02   4.5520100e+00  -1.4791600e+01   2.5565700e+00
   2.0200000e+02   1.2944800e+01  -1.1255800e+01   5.0525300e-02
   2.0300000e+02   8.5875000e+00  -7.4414400e+00   1.3232500e-01
   2.0400000e+02   8.2981700e+00  -3.4641300e+00   9.8399700e-01
   2.0500000e+02   7.9232400e+00  -1.3244600e+01   2.6614000e+00
   2.0600000e+02   3.1321400e+00   4.6760900e+00   2.7383400e-01
   2.0700000e+02   3.1734200e+00  -3.0095300e+00   1.6877100e+00
   2.0800000e+02   1.1807800e+01  -1.4626300e+00   1.0893000e+00
   2.0900000e+02   8.2040500e+00  -6.7859800e-01   1.1514300e+00
   2.1000000e+02   8.3674900e+00   1.3948700e+00   5.2353300e-01
   2.1100000e+02  -1.4904300e+00   5.2315200e-01   1.9891800e+00
   2.1200000e+02   9.6145700e+00   9.4828300e+00   8.1242600e-01
   2.1300000e+02   1.2004200e+00   5.4641800e+00   1.2049100e+00
   2.1400000e+02  -1.8268300e+00   2.6258100e+00   1.8189700e+00
   2.1500000e+02   8.3068100e+00   1.2403400e+01   1.2284700e+00
   2.1600000e+02   6.6547400e+00   1.7719200e+01   5.2587000e-01
   2.1700000e+02   6.8174800e+00  -1.8517900e+01   1.5455100e+00
   2.1800000e+02   3.1755500e+00  -2.0059100e+01   2.5623200e-01
   2.1900000e+02   1.1134500e+01  -1.4963900e+01   6.8520600e-01
   2.2000000e+02   6.6502600e+00  -8.1278400e+00   1.0847000e+00
   2.2100000e+02   1.6958500e+00  -1.2497100e+01   1.7162500e+00
   2.2200000e+02   1.2147700e+01  -5.4161100e+00   1.7917400e+00
   2.2300000e+02   5.8194000e+00   1.9566700e+00   3.1157600e-01
   2.2400000e+02   6.1428500e+00  -1.1366500e-01   3.2197300e-01
   2.2500000e+02   2.8075500e+00   6.7449000e+00   2.0937700e+00
   2.2600000e+02   8.8806100e+00   6.6522000e+00   1.3744200e+00
   2.2700000e+02  -4.4160900e+00   5.6978400e+00   1.5068900e+00
   2.2800000e+02   1.2531400e+01   4.6999900e+00   5.7122900e-01
   2.2900000e+02   1.2374400e+01   2.6379500e+00   2.4750300e-01
   2.3000000e+02   6.3409400e+00   1.3595100e+01   1.6277600e+00
   2.3100000e+02   3.9937500e+00   1.0379800e+01   5.5152500e-04
   2.3200000e+02  -7.2631900e-02   1.8796900e+01   2.4595300e-01
   2.3300000e+02   3.1144000e+00   1.8017400e+01   9.2613000e-01
   2.3400000e+02   4.4519200e+00   7.9873300e+00  -9.6617100e-01
   2.3500000e+02   8.7713600e+00  -1.1338600e+01   6.8927500e-01
   2.3600000e+02  -2.5875300e+00  -1.2304900e+01   2.1204800e+00
   2.3700000e+02   9.4153600e+00  -9.3671000e+00   9.0052000e-01
   2.3800000e+02   9.0501300e+00  -1.4975300e+01  -1.7780600e-01
   2.3900000e+02   1.0131500e+01  -1.6756400e+01   1.6766900e+00
   2.4000000e+02   6.8139600e+00   6.4262900e+00   1.8532800e+00
   2.4100000e+02   3.8667900e+00   2.6721900e+00   1.3222600e+00
   2.4200000e+02   2.8286700e+00  -8.8292900e+00   1.1097000e+00
   2.4300000e+02   1.7993400e+01   3.6181600e+00   6.6499100e-01
   2.4400000e+02   1.3715300e+01  -7.0492200e-01   1.6617500e+00
   2.4500000e+02   1.4568600e+01   7.6726400e+00   1.2100900e+00
   2.4600000e+02   1.3704400e+01   9.5669500e+00   1.2695500e+00
   2.4700000e+02   1.8201700e+01   5.6733200e+00   2.5508600e+00
   2.4800000e+02   4.5682600e+00   1.4688800e+01   8.4580600e-01
   2.4900000e+02   1.0320700e+01   1.1511700e+01   6.4365600e-01
   2.5000000e+02   1.4378500e+01   5.6131300e+00   1.5099100e+00
   2.5100000e+02   1.9538800e+01   2.6735200e-01   3.9396800e-01
   2.5200000e+02   2.8923600e+00   1.5930300e+01   1.3087200e+00
   2.5300000e+02   6.8525600e+00  -1.4997900e+01   1.0144800e+00
   2.5400000e+02   7.9891800e+00  -1.6783000e+01   9.2124400e-01
   2.5500000e+02   1.7350200e+01  -2.6890500e+00   1.1389600e+00
   2.5600000e+02   1.1477800e+01  -9.1193800e+00   1.7640000e+00
   2.5700000e+02   1.0585900e+01  -6.8596600e+00   9.2323100e-02
   2.5800000e+02   7.9141400e+00  -5.4993700e+00   7.9207000e-01
   2.5900000e+02   1.5939400e+01   2.3802100e+00   1.9087800e+00
   2.6000000e+02   1.4735500e+01  -7.6222100e+00   1.2253500e-01
   2.6100000e+02   1.6221400e+01  -6.0759400e+00   1.5306600e+00
   2.6200000e+02   1.2672500e+01   6.7956500e+00   7.4590800e-01
   2.6300000e+02   1.1385700e+01  -3.4855900e+00   8.1913200e-01
   2.6400000e+02   1.0134200e+01   5.1221200e-02   2.4801700e+00
   2.6500000e+02   1.0910000e+01   7.8685800e+00   9.6411400e-01
   2.6600000e+02   1.6328700e+01   6.5962200e+00   1.3503500e+00
   2.6700000e+02   1.3106000e+01   1.1536000e+01   1.0382300e+00
   2.6800000e+02   8.1894700e+00   1.4495300e+01   1.4859900e+00
   2.6900000e+02   6.0374200e+00   1.1521000e+01   1.9412500e+00
   2.7000000e+02   6.5021000e+00   1.5657100e+01   1.1914200e+00
   2.7100000e+02   9.1720900e-01  -1.9818800e+01  -3.1847700e-01
   2.7200000e+02   6.2898900e+00  -4.1269000e+00   1.1577400e+00
   2.7300000e+02   1.0048500e+01  -1.3122900e+01   4.9179800e-01
   2.7400000e+02   1.0875000e+01  -1.1165400e+01  -5.8370500e-02
   2.7500000e+02   1.5768500e+01   2.7866800e-01  -2.1812700e-01
   2.7600000e+02   1.3413300e+01  -2.9432900e+00   1.7237100e+00
   2.7700000e+02   1.4237700e+01   3.5507700e+00   1.4742700e-01
   2.7800000e+02   1.2123100e+01   5.8515300e-01   1.0937300e+00
   2.7900000e+02   9.8863000e+00  -4.9068100e+00  -2.2503100e-01
   2.8000000e+02   1.5728900e+01  -3.9618600e+00   1.8898900e+00
   2.8100000e+02   1.0782700e+01   5.7908400e+00   2.3152900e+00
   2.8200000e+02   1.5487000e+01  -1.7848500e+00   1.2037100e+00
   2.8300000e+02   1.6113000e+01   4.4828100e+00   1.1252400e+00
   2.8400000e+02   9.0709000e+00   4.4988800e+00   1.6245700e+00
   2.8500000e+02   1.4053200e+01   1.4091600e+00   1.6594700e+00
   2.8600000e+02   1.1632400e+01   9.9012500e+00   2.9109200e-01
   2.8700000e+02   7.7844100e+00   1.0415200e+01   7.0009700e-01
   2.8800000e+02   1.2105300e+01   1.3340300e+01   5.0639200e-01
   2.8900000e+02   1.2267400e+01  -1.3220500e+01   7.9789800e-01
   2.9000000e+02   1.4441300e+01  -1.2718700e+01   1.8995900e+00
   2.9100000e+02   1.7779100e+01  -4.7166200e+00   1.9509000e+00
   2.9200000e+02   1.2637100e+01  -7.4230500e+00   2.0570800e+00
   2.9300000e+02   1.7698800e+01  -6.3285800e-01   1.3275300e+00
   2.9400000e+02   1.5093100e+01  -1.0632200e+01   8.2999400e-01
   2.9500000e+02   1.3534300e+01  -9.2833200e+00  -7.0221100e-01
   2.9600000e+02   2.0063700e+01   3.4510000e+00   1.0445100e+00
   2.9700000e+02   1.4233400e+01  -5.4288400e+00   3.6972500e-01
   2.9800000e+02   1.7791400e+01   1.4547600e+00   1.2665500e+00
   2.9900000e+02   9.8041300e+00  -2.0132600e+00   1.2455800e+00
   3.0000000e+02   1.9418500e+01  -3.4340000e+00  -5.2763400e-01
