   1.0000000e+00  -1.4603100e+01  -7.1637900e+00   1.0960400e+00
   2.0000000e+00  -1.5139700e+01  -1.3645500e+01   9.5810100e-01
   3.0000000e+00  -1.8214500e+01  -1.0844500e+01   8.4779200e-01
   4.0000000e+00  -1.9891300e+01  -5.7340000e-01   1.0729100e+00
   5.0000000e+00  -1.7699200e+01  -3.6857100e+00   1.0849200e+00
   6.0000000e+00  -1.3725100e+01  -4.4826500e+00   1.4503400e+00
   7.0000000e+00  -1.6047400e+01   3.7784600e-01   1.0831800e+00
   8.0000000e+00  -1.9637700e+01  -4.8795100e+00   7.7793600e-01
   9.0000000e+00  -1.7397900e+01  -1.4299100e+01   1.1851200e+00
   1.0000000e+01  -1.9165200e+01  -7.9229800e+00   1.1670200e+00
   1.1000000e+01  -2.2353400e+01   3.1782300e+00   1.6793900e+00
   1.2000000e+01  -1.9134100e+01   8.8189100e+00   1.2999400e+00
   1.3000000e+01  -2.2176200e+01   5.9918100e+00   9.9834400e-01
   1.4000000e+01  -1.7887200e+01   1.2101000e+01   5.5875200e-01
   1.5000000e+01  -1.9494300e+01  -2.6801100e+00   1.1471600e+00
   1.6000000e+01  -1.5602900e+01   8.0205900e+00   7.1581100e-01
   1.7000000e+01  -1.4389600e+01   1.5590000e+01   1.2115000e+00
   1.8000000e+01  -1.6621500e+01   1.3898000e+01   1.2123300e+00
   1.9000000e+01  -1.3779400e+01  -1.5190200e+01   1.0252600e+00
   2.0000000e+01  -1.1164200e+01  -4.8900400e+00   4.9788100e-01
   2.1000000e+01  -1.2444100e+01  -1.7386400e+01   1.3758400e+00
   2.2000000e+01  -1.2535200e+01  -7.0262400e+00   7.7464200e-01
   2.3000000e+01  -1.0695100e+01  -2.4947500e+00   1.0341300e+00
   2.4000000e+01  -2.1195700e+01  -7.3952700e+00   1.3352100e+00
   2.5000000e+01  -1.7745700e+01  -5.7642400e+00   1.2193600e+00
   2.6000000e+01  -1.5888700e+01   2.8590100e+00   9.1347100e-01
   2.7000000e+01  -2.0891200e+01   1.3390300e+00   8.9733800e-01
   2.8000000e+01  -1.0974100e+01   5.7428900e+00   1.1102200e+00
   2.9000000e+01  -1.4267100e+01   6.4405300e+00   6.8928100e-01
   3.0000000e+01  -1.1536000e+01   1.0744300e+01   4.0095700e-01
   3.1000000e+01  -2.0753300e+01   7.5082800e+00   1.2772900e+00
   3.2000000e+01  -1.5790000e+01  -5.0402100e+00   7.1189000e-01
   3.3000000e+01  -1.7561300e+01   7.4130200e+00   9.5258700e-01
   3.4000000e+01  -1.7190100e+01   9.6210600e+00   9.5407900e-01
   3.5000000e+01  -2.1547400e+01  -2.2092800e+00   1.4795600e+00
   3.6000000e+01  -9.4300100e+00   1.8774900e+01   6.1049300e-01
   3.7000000e+01  -9.2712300e+00  -1.2276000e+01   1.2690300e+00
   3.8000000e+01  -1.1736700e+01  -1.5445900e+01   8.6251200e-01
   3.9000000e+01  -1.1048600e+01  -1.8896500e+01   1.0335400e+00
   4.0000000e+01  -1.6561600e+01  -1.2136000e+01   2.5258900e-01
   4.1000000e+01  -1.3121400e+01  -1.3220300e+01   8.9011100e-01
   4.2000000e+01  -1.7712800e+01   4.0811700e+00   8.6538800e-01
   4.3000000e+01  -1.0084100e+01  -6.8782300e+00   1.9129400e-01
   4.4000000e+01  -1.6640500e+01  -7.5432000e+00   6.6584400e-01
   4.5000000e+01  -1.3202000e+01  -1.6546400e+00   1.3072800e+00
   4.6000000e+01  -1.5868900e+01  -2.7463100e+00   2.5676500e-01
   4.7000000e+01  -7.2656600e+00   6.9443800e+00   1.8137600e+00
   4.8000000e+01  -1.3493200e+01   1.1415400e+01   7.9962900e-01
   4.9000000e+01  -1.2192800e+01   1.3009000e+01   1.3248200e+00
   5.0000000e+01  -1.9427600e+01   2.8496000e+00   6.5664500e-01
   5.1000000e+01  -1.3296000e+01   8.3430000e+00   1.4281200e+00
   5.2000000e+01  -4.3353400e+00   1.3946900e+01   3.3174400e-01
   5.3000000e+01  -7.3363700e+00   2.2170100e+01   8.2631800e-01
   5.4000000e+01  -1.2845800e+01   1.6971800e+01   3.4637800e-01
   5.5000000e+01  -3.2903900e+00  -2.1870000e+01   1.3018000e+00
   5.6000000e+01  -1.4587800e+01  -9.2235600e+00   1.2943800e+00
   5.7000000e+01  -1.4065500e+01  -1.1393100e+01   1.3839400e+00
   5.8000000e+01  -6.6507600e+00  -1.7735800e+01   1.2374100e+00
   5.9000000e+01  -1.4297700e+01   1.4692300e+00   1.8084100e+00
   6.0000000e+01  -7.6267200e+00  -1.0964200e+01   1.4505700e+00
   6.1000000e+01  -1.7841500e+01  -8.6731700e-01   1.4043900e+00
   6.2000000e+01  -3.0340700e+00  -1.2392500e+01   6.0114600e-01
   6.3000000e+01  -1.2236800e+01   1.7176300e+00   6.4059300e-01
   6.4000000e+01  -9.3383600e+00  -7.1106100e-01   2.6934400e-01
   6.5000000e+01  -1.2823000e+01   4.7542000e+00   5.3443700e-01
   6.6000000e+01  -1.9109300e+01   5.9075900e+00   1.1129200e+00
   6.7000000e+01  -5.6121500e+00   1.0775400e+00   8.8745100e-01
   6.8000000e+01  -1.1257400e+01   8.6901500e+00   1.1564500e+00
   6.9000000e+01  -2.0687700e+01   4.5435800e+00   1.2715500e+00
   7.0000000e+01  -1.0187500e+01   1.3686400e+01   9.4819300e-01
   7.1000000e+01  -1.5039100e+01   1.0010200e+01   2.9837600e-01
   7.2000000e+01   1.6386400e+00   1.9987400e+01   1.3171900e+00
   7.3000000e+01  -1.5810700e+01  -1.5615600e+01   9.7047700e-01
   7.4000000e+01  -1.4552100e+01  -1.7251400e+01   2.0040500e+00
   7.5000000e+01  -7.3147300e+00  -8.7906600e+00   1.1425200e+00
   7.6000000e+01   9.3549200e-01  -1.8864900e+00   1.4398400e+00
   7.7000000e+01  -1.1035100e+01  -1.3450100e+01   1.4410100e+00
   7.8000000e+01  -1.1119800e+01  -1.1393500e+01   8.8454500e-01
   7.9000000e+01  -5.5253400e+00  -6.6296700e+00   8.0224600e-01
   8.0000000e+01  -6.7522100e+00   9.0784200e+00   1.5348500e+00
   8.1000000e+01  -1.0411200e+01  -9.0611300e+00   1.1295700e+00
   8.2000000e+01  -1.7702500e+01   1.6572700e+00   3.7236600e-01
   8.3000000e+01  -6.4169200e+00  -2.6393500e+00   1.2840500e+00
   8.4000000e+01  -9.4230100e+00   7.6717700e+00   1.5867000e+00
   8.5000000e+01  -7.6874100e+00   1.2277200e+01   9.1692700e-01
   8.6000000e+01  -1.1734000e+01   1.5050300e+01   1.9114100e+00
   8.7000000e+01  -1.6009700e+01   5.3080200e+00   2.2122000e+00
   8.8000000e+01  -9.3503100e+00   1.5575400e+01   1.1011800e+00
   8.9000000e+01   3.3541900e-01   1.6430200e+01   7.4927000e-01
   9.0000000e+01  -1.0767500e+01   1.7174700e+01   1.7657500e+00
   9.1000000e+01   4.0500700e+00  -2.1287200e+01   1.6932700e+00
   9.2000000e+01   2.1100700e+00  -2.0546900e+01   1.1800100e+00
   9.3000000e+01  -3.4702900e+00  -1.7795400e+01   1.4658000e+00
   9.4000000e+01  -9.6408200e+00  -1.4964400e+01   6.8505300e-01
   9.5000000e+01  -5.6983800e+00  -1.0098400e+01   1.1713300e+00
   9.6000000e+01   8.0185500e-01  -4.7288700e+00   1.5613400e+00
   9.7000000e+01  -2.2644300e+01   6.3071200e-02   1.3665200e+00
   9.8000000e+01  -8.5507500e+00  -2.6380800e+00   9.2401400e-01
   9.9000000e+01  -8.8546800e+00   5.4734500e+00   2.0558900e+00
   1.0000000e+02  -6.5270600e+00  -4.7225000e+00   1.9906300e+00
   1.0100000e+02  -2.3929900e+00  -4.4369900e+00   1.7498600e+00
   1.0200000e+02  -1.5840300e+01   1.1922200e+01   6.7110100e-01
   1.0300000e+02  -1.7300600e+00   1.7214200e+01   1.0445200e+00
   1.0400000e+02  -1.6820200e+00   8.3729400e+00   6.7185500e-01
   1.0500000e+02  -1.4499700e+01   1.3502400e+01   9.8352100e-01
   1.0600000e+02  -7.9345100e+00   2.0188800e+01   1.1496400e+00
   1.0700000e+02  -7.2499200e+00   1.7930600e+01   1.1131500e+00
   1.0800000e+02  -5.0362200e+00   2.0856700e+01   1.5163900e+00
   1.0900000e+02  -4.8758900e-01  -1.7427100e+01   1.5327400e+00
   1.1000000e+02  -9.4077000e+00  -1.7068500e+01   1.7044200e+00
   1.1100000e+02  -7.3473100e+00  -1.5762500e+01   1.2527500e+00
   1.1200000e+02  -5.2213600e+00  -1.2104200e+01   1.5614200e+00
   1.1300000e+02   2.7839300e+00  -5.6536300e+00   1.4689600e+00
   1.1400000e+02  -4.4001800e+00  -8.4682800e+00   2.4063500e-01
   1.1500000e+02  -1.2501100e+01  -9.8378400e+00   5.8666400e-01
   1.1600000e+02  -4.6981000e+00  -1.2322300e+00   7.5938700e-01
   1.1700000e+02  -1.0592100e+00  -2.5406500e+00   4.9384400e-01
   1.1800000e+02  -8.7191000e+00  -4.8632000e+00   7.8538400e-01
   1.1900000e+02  -8.9935300e+00   9.7027700e+00   1.1866400e+00
   1.2000000e+02  -9.6795500e+00   1.1674400e+01   1.5504500e+00
   1.2100000e+02   1.5423700e-01   1.8480900e+01   1.6590900e+00
   1.2200000e+02  -3.5525700e+00   2.0263100e+00   8.5184600e-01
   1.2300000e+02  -5.1243200e-01   1.4518000e+01   1.4239700e+00
   1.2400000e+02  -6.2347300e+00   1.6131100e+01   1.0039700e+00
   1.2500000e+02  -5.2332900e+00   1.8785300e+01   1.4977100e+00
   1.2600000e+02  -4.1532800e-01   2.0466600e+01   9.0044900e-01
   1.2700000e+02  -7.6599600e-01  -1.1313200e+01   6.5575800e-01
   1.2800000e+02  -9.0954400e+00  -1.9611600e+01   5.4848600e-01
   1.2900000e+02  -4.7091500e+00  -1.6120100e+01   7.2308900e-01
   1.3000000e+02  -7.6711900e+00  -1.3677800e+01   1.2061400e+00
   1.3100000e+02  -2.5242200e+00  -6.5063500e+00   7.6636800e-01
   1.3200000e+02   1.6033000e+00  -1.5997700e+01   1.3885100e+00
   1.3300000e+02   1.3993000e+00  -8.2400200e+00   1.0412800e+00
   1.3400000e+02   4.9410200e+00  -2.2202700e+00   1.1067500e+00
   1.3500000e+02   7.0642600e+00  -6.9232300e+00  -2.7650000e-02
   1.3600000e+02   3.0102500e+00  -1.4205000e+00   1.0953600e+00
   1.3700000e+02  -4.3414400e+00  -3.4743100e+00   1.1762800e+00
   1.3800000e+02  -5.7104600e+00   3.3082500e+00   7.9760000e-01
   1.3900000e+02  -3.4838600e+00   1.0188600e+01   6.8020200e-02
   1.4000000e+02  -5.8044400e+00   1.1026400e+01   7.4433900e-01
   1.4100000e+02  -6.8755000e+00   1.4165500e+01   1.4543600e+00
   1.4200000e+02  -2.8340000e+00   1.5400100e+01   1.0388700e+00
   1.4300000e+02  -3.9013000e+00   1.7187700e+01   7.9641600e-01
   1.4400000e+02   4.6278600e+00   1.4575800e+01   6.5149600e-01
   1.4500000e+02   3.7790900e+00  -1.9252900e+01   1.3698900e+00
   1.4600000e+02  -3.6568600e+00  -1.0424400e+01   1.7330700e+00
   1.4700000e+02   6.6027500e+00  -1.5527800e+01   1.4937100e+00
   1.4800000e+02  -5.6818000e+00  -1.4297100e+01   1.4384300e+00
   1.4900000e+02   7.1163700e+00  -2.8005100e+00   1.4277500e+00
   1.5000000e+02  -7.9592800e+00  -6.8238900e+00   1.0802300e+00
   1.5100000e+02  -1.6182700e+00  -8.5772000e+00   9.8007700e-01
   1.5200000e+02   4.3344700e+00  -7.2822000e+00   1.0141400e+00
   1.5300000e+02   1.6563600e+00   2.5071600e+00   1.3051500e+00
   1.5400000e+02  -3.8815600e-01  -8.2088200e-02   8.3697000e-01
   1.5500000e+02  -9.6233400e+00   1.5357200e+00   1.3092500e+00
   1.5600000e+02  -1.1075900e+01   3.4103300e+00   1.9260200e+00
   1.5700000e+02  -1.1764500e+00   6.3305000e+00   1.3342700e+00
   1.5800000e+02  -2.7345100e+00   1.9008100e+01   7.2097100e-01
   1.5900000e+02   1.1505900e+01   1.6106900e+01   7.2246300e-01
   1.6000000e+02   2.2780900e+00   1.5138700e+01   7.4336300e-01
   1.6100000e+02  -9.7877400e-01   1.0396300e+01   1.2003800e+00
   1.6200000e+02  -2.5285500e+00   2.1086900e+01   1.5855400e+00
   1.6300000e+02  -3.0543200e+00  -1.9825600e+01   4.3881100e-01
   1.6400000e+02  -8.0932400e+00  -2.1422700e+01   1.6871200e+00
   1.6500000e+02   3.2729800e+00  -1.7228800e+01   1.0985500e+00
   1.6600000e+02   4.9159300e+00  -1.4171000e+01   1.1980200e+00
   1.6700000e+02   3.5798400e+00  -1.2313900e+01   1.7994300e+00
   1.6800000e+02  -1.1474500e+00  -1.5485000e+01   9.2933900e-01
   1.6900000e+02   6.5078800e+00   3.8405100e+00   1.1042300e+00
   1.7000000e+02   1.5449600e+00  -1.0851000e+01   1.3842300e+00
   1.7100000e+02   1.0765800e+01   2.4703500e+00   5.9981400e-01
   1.7200000e+02   4.4943600e+00   2.2446800e-01   1.7360400e+00
   1.7300000e+02  -1.1426800e+01  -5.1040900e-01   1.2933400e+00
   1.7400000e+02   1.9874600e+00   4.1397100e-01   1.4841500e+00
   1.7500000e+02  -4.6042300e+00   8.4196400e+00   1.0235800e+00
   1.7600000e+02   7.3544700e+00   1.2218700e+01   1.0517000e+00
   1.7700000e+02  -4.5839700e-01   4.2049800e+00   1.0468100e+00
   1.7800000e+02   9.0172200e-01   1.2171900e+01   4.9410000e-01
   1.7900000e+02   4.9196100e+00   1.8287000e+01   1.1798500e+00
   1.8000000e+02   2.7111300e+00   2.1798900e+01   7.4910900e-01
   1.8100000e+02   7.4286300e+00  -1.1076300e+01   9.2704400e-01
   1.8200000e+02   2.7442700e-02  -2.0291500e+01   1.5854100e+00
   1.8300000e+02  -5.7430800e+00  -1.9575900e+01   1.3276600e+00
   1.8400000e+02  -9.9664200e-01  -1.3406500e+01   9.3945500e-01
   1.8500000e+02   5.7122400e+00  -1.2254600e+01   1.1704900e+00
   1.8600000e+02   6.1485200e+00  -2.0396300e+01   1.3029500e+00
   1.8700000e+02   5.5037100e+00  -9.1391900e+00   9.2204400e-01
   1.8800000e+02   8.5495100e+00   3.2098300e+00   9.9624700e-01
   1.8900000e+02   4.9446800e+00  -4.8144200e+00   8.4101200e-01
   1.9000000e+02  -3.3636900e+00   4.8088100e+00   8.8109700e-01
   1.9100000e+02   5.4226800e-01   8.8269800e+00   1.2216900e+00
   1.9200000e+02   2.3003300e+00   4.8377400e+00   1.5495000e+00
   1.9300000e+02   5.6394200e+00   7.8174900e+00   9.0909500e-01
   1.9400000e+02   4.3755500e+00   1.0732000e+01   9.9793600e-01
   1.9500000e+02   8.9852900e+00   9.2778300e+00   1.0232100e+00
   1.9600000e+02   3.1014400e+00   1.3180200e+01   1.0443600e+00
   1.9700000e+02   9.3367100e+00   2.0583700e+01   1.4372800e+00
   1.9800000e+02   5.9301100e+00   2.1553400e+01   6.1756800e-01
   1.9900000e+02   1.0319200e+00  -1.2995600e+01   1.1841500e+00
   2.0000000e+02   1.6114600e+00  -1.8556400e+01   1.2058500e+00
   2.0100000e+02   6.4410200e+00  -1.7589200e+01   1.6320300e+00
   2.0200000e+02   1.3903400e+01  -1.2693300e+01   4.2771300e-01
   2.0300000e+02   1.0572000e+01  -9.6134100e+00   1.1358500e+00
   2.0400000e+02   9.5843300e+00  -3.5000700e+00   8.2769400e-01
   2.0500000e+02   8.6495400e+00  -1.5307600e+01   4.7442100e-01
   2.0600000e+02   4.8312100e+00   5.0993700e+00   3.6475600e-01
   2.0700000e+02   3.2607200e+00  -3.6009100e+00   1.6447300e+00
   2.0800000e+02   1.2801900e+01  -1.8632500e+00   6.2301000e-01
   2.0900000e+02   8.6650400e+00  -1.1983900e+00   8.6652600e-01
   2.1000000e+02   9.3609500e+00   9.0399300e-01   1.6671200e+00
   2.1100000e+02  -2.5086800e+00  -3.6493800e-02   7.1461400e-01
   2.1200000e+02   1.1016300e+01   8.7853200e+00   1.4427200e+00
   2.1300000e+02   1.0403200e+00   6.8345000e+00   1.3934300e+00
   2.1400000e+02  -1.4294700e+00   1.7397200e+00   5.8464900e-01
   2.1500000e+02   8.8986600e+00   1.3794300e+01   1.1511700e+00
   2.1600000e+02   6.5950100e+00   1.9557100e+01   1.4113400e-03
   2.1700000e+02   5.9353200e+00  -2.2482000e+01   7.5487400e-01
   2.1800000e+02   3.3052900e+00  -2.3206700e+01   1.6003500e+00
   2.1900000e+02   1.2769200e+01  -1.6401400e+01   9.1299900e-01
   2.2000000e+02   8.4458700e+00  -9.2861200e+00   1.6943100e+00
   2.2100000e+02   2.8537000e+00  -1.4365200e+01   1.1601600e+00
   2.2200000e+02   1.2784200e+01  -5.5677900e+00   1.0781000e+00
   2.2300000e+02   6.6398500e+00   1.6558800e+00   1.1795900e+00
   2.2400000e+02   6.7168900e+00  -5.1215200e-01   4.1421200e-01
   2.2500000e+02   3.5550900e+00   8.1577400e+00   9.7347000e-01
   2.2600000e+02   9.6393500e+00   6.6668200e+00   1.7401100e+00
   2.2700000e+02  -3.2168500e+00   6.8762700e+00   4.9571800e-01
   2.2800000e+02   1.3341600e+01   5.1021300e+00   1.4504900e+00
   2.2900000e+02   1.3841900e+01   2.7428400e+00   6.8741100e-01
   2.3000000e+02   8.3111200e+00   1.5785000e+01   9.5110700e-01
   2.3100000e+02   5.2517000e+00   1.2592000e+01   7.4326300e-01
   2.3200000e+02   1.8472900e-01   2.2507000e+01   1.4481600e+00
   2.3300000e+02   3.7965900e+00   2.0042500e+01   1.1932700e+00
   2.3400000e+02   6.4247000e+00   1.0392800e+01   7.4750500e-01
   2.3500000e+02   8.9668000e+00  -1.3208700e+01   1.4473800e+00
   2.3600000e+02  -3.5146100e+00  -1.4399400e+01   8.3436400e-01
   2.3700000e+02   1.1964800e+01  -1.1172400e+01   1.4095000e+00
   2.3800000e+02   1.0717700e+01  -1.7008200e+01   4.2358100e-01
   2.3900000e+02   1.0116000e+01  -1.8979600e+01   9.6950800e-01
   2.4000000e+02   7.3975800e+00   6.4779900e+00   8.4530500e-01
   2.4100000e+02   4.0528200e+00   2.3896400e+00   1.5858100e+00
   2.4200000e+02   3.3265700e+00  -9.3820000e+00   5.1355800e-01
   2.4300000e+02   2.0438400e+01   3.1944600e+00   6.5328000e-01
   2.4400000e+02   1.4839300e+01  -1.4502800e+00   6.5277900e-01
   2.4500000e+02   1.6793300e+01   7.7803200e+00   9.2363100e-01
   2.4600000e+02   1.5181600e+01   1.0897700e+01   1.3393900e+00
   2.4700000e+02   2.0407200e+01   7.6408100e+00   1.1709800e+00
   2.4800000e+02   3.8442600e+00   1.6516100e+01   1.2933400e+00
   2.4900000e+02   1.0965200e+01   1.3372100e+01   1.6570400e+00
   2.5000000e+02   1.7908600e+01   6.0278500e+00   8.2942700e-01
   2.5100000e+02   2.1057700e+01   9.0094100e-01   1.0257100e+00
   2.5200000e+02   2.6988200e+00   1.8228900e+01   5.3385700e-01
   2.5300000e+02   8.6646300e+00  -1.7366600e+01   1.0339200e+00
   2.5400000e+02   7.8848500e+00  -1.9270000e+01   9.5767600e-01
   2.5500000e+02   1.9783300e+01  -3.6222300e+00   1.3472200e+00
   2.5600000e+02   1.4013600e+01  -1.0599200e+01   1.3560900e+00
   2.5700000e+02   1.2203700e+01  -8.2688200e+00   1.1996800e+00
   2.5800000e+02   9.7413300e+00  -7.6553700e+00   6.6917900e-01
   2.5900000e+02   1.7639500e+01   3.0194700e+00   7.9823000e-01
   2.6000000e+02   1.6086200e+01  -7.9445100e+00   2.0177700e+00
   2.6100000e+02   1.8140500e+01  -8.2367700e+00   1.1394600e+00
   2.6200000e+02   1.4699200e+01   7.3089600e+00   1.5606900e+00
   2.6300000e+02   1.3780400e+01  -3.6815300e+00   1.2137100e+00
   2.6400000e+02   1.2027400e+01   6.1311800e-01   1.9804200e-01
   2.6500000e+02   1.3167400e+01   8.7080700e+00   1.2256000e+00
   2.6600000e+02   1.8652300e+01   8.7710700e+00   1.4970600e+00
   2.6700000e+02   1.2903100e+01   1.4392000e+01   5.9062800e-01
   2.6800000e+02   1.0384300e+01   1.8762500e+01   1.4588800e+00
   2.6900000e+02   6.7274400e+00   1.4213700e+01   1.0567600e+00
   2.7000000e+02   7.3019200e+00   1.7618100e+01   7.2144800e-01
   2.7100000e+02   7.3280900e-01  -2.2321100e+01   6.3969500e-01
   2.7200000e+02   8.1776100e+00  -5.0617000e+00   7.5725300e-01
   2.7300000e+02   1.0691500e+01  -1.4936700e+01   1.0018200e+00
   2.7400000e+02   1.1828700e+01  -1.3232400e+01   1.3613400e+00
   2.7500000e+02   1.7668900e+01   7.4664900e-02   1.3224700e+00
   2.7600000e+02   1.5880100e+01  -3.7014600e+00   1.8714400e+00
   2.7700000e+02   1.5808600e+01   3.9743200e+00   1.2443800e+00
   2.7800000e+02   1.4096300e+01   6.3747200e-01   1.0126800e+00
   2.7900000e+02   1.0683400e+01  -5.7946200e+00   1.2611400e+00
   2.8000000e+02   1.7967400e+01  -4.6220900e+00   1.2696100e+00
   2.8100000e+02   1.1702000e+01   6.7467600e+00   2.5611700e-01
   2.8200000e+02   1.6931700e+01  -1.9233900e+00   9.5818200e-01
   2.8300000e+02   1.9848000e+01   5.2974400e+00   9.1913800e-01
   2.8400000e+02   1.1011300e+01   4.6327200e+00   6.9532700e-01
   2.8500000e+02   1.6017400e+01   1.4425500e+00   1.4873000e+00
   2.8600000e+02   1.2431600e+01   1.1863100e+01   8.8327800e-01
   2.8700000e+02   9.3678400e+00   1.1787200e+01   5.2522800e-01
   2.8800000e+02   1.4647400e+01   1.5808500e+01   7.0157800e-01
   2.8900000e+02   1.4452100e+01  -1.5197400e+01   1.2496500e+00
   2.9000000e+02   1.6112800e+01  -1.3627700e+01   1.3530000e+00
   2.9100000e+02   1.9846100e+01  -6.9485600e+00   5.3389700e-01
   2.9200000e+02   1.4041700e+01  -7.3197100e+00   1.3754200e+00
   2.9300000e+02   1.9653400e+01  -7.3979700e-01   1.3279700e+00
   2.9400000e+02   1.7534300e+01  -1.2129100e+01   1.1970000e+00
   2.9500000e+02   1.6051100e+01  -1.0179900e+01   1.6562800e+00
   2.9600000e+02   2.1865500e+01   4.7437100e+00   1.6492200e+00
   2.9700000e+02   1.6281500e+01  -5.8536700e+00   6.7284800e-01
   2.9800000e+02   1.9097600e+01   1.5513100e+00   1.5849100e+00
   2.9900000e+02   1.0736100e+01  -1.5991300e+00   1.2070800e+00
   3.0000000e+02   2.1603400e+01  -5.8136900e+00   6.9070000e-01
