   1.0000000e+00  -1.1654400e+01  -4.6258300e+00   2.5267000e+00
   2.0000000e+00  -1.3039400e+01  -1.1064600e+01   2.0862500e+00
   3.0000000e+00  -1.6397100e+01  -8.7729700e+00   8.4596100e-01
   4.0000000e+00  -1.7849900e+01  -8.8772100e-01   6.7324300e-01
   5.0000000e+00  -1.4770700e+01  -2.7740300e+00   2.0885000e+00
   6.0000000e+00  -1.0611300e+01  -2.7600300e+00   1.1658000e+00
   7.0000000e+00  -1.2611200e+01   8.3760100e-01   1.2553100e+00
   8.0000000e+00  -1.5769200e+01  -4.6019300e+00   1.2151100e+00
   9.0000000e+00  -1.5041200e+01  -1.1690000e+01   8.6224100e-01
   1.0000000e+01  -1.6386400e+01  -6.5728300e+00   1.0217200e+00
   1.1000000e+01  -1.9862800e+01   2.6534000e+00  -1.0006400e+00
   1.2000000e+01  -1.6758800e+01   8.0555700e+00   8.4809200e-01
   1.3000000e+01  -1.8830000e+01   4.4435500e+00   1.0135300e+00
   1.4000000e+01  -1.5700800e+01   9.8431000e+00   1.3441600e+00
   1.5000000e+01  -1.6848300e+01  -2.7312500e+00   7.3275500e-01
   1.6000000e+01  -1.3555200e+01   6.2516300e+00   5.8870500e-01
   1.7000000e+01  -1.1887100e+01   1.3636500e+01   1.7173400e+00
   1.8000000e+01  -1.4676200e+01   1.1659000e+01   1.8607700e+00
   1.9000000e+01  -1.1530800e+01  -1.2482900e+01  -1.7054700e+00
   2.0000000e+01  -8.5338500e+00  -2.7847600e+00   2.1473200e+00
   2.1000000e+01  -1.0186700e+01  -1.5634700e+01   2.2258700e+00
   2.2000000e+01  -1.0565800e+01  -6.3681200e+00   1.0147400e+00
   2.3000000e+01  -9.5367900e+00  -9.7692600e-01   8.0100000e-01
   2.4000000e+01  -1.7816900e+01  -4.8973100e+00  -9.9280700e-01
   2.5000000e+01  -1.3699100e+01  -5.1129100e+00  -5.6292700e-01
   2.6000000e+01  -1.3626800e+01   2.6680500e+00   1.6531200e+00
   2.7000000e+01  -1.6786100e+01   8.7502500e-01   5.2684600e-01
   2.8000000e+01  -9.3707600e+00   6.2297400e+00   1.5639600e+00
   2.9000000e+01  -1.1497300e+01   6.2349300e+00   7.4337600e-02
   3.0000000e+01  -9.3913300e+00   9.8556100e+00   1.4580900e+00
   3.1000000e+01  -1.7772400e+01   6.2572200e+00   1.0232500e+00
   3.2000000e+01  -1.2675800e+01  -2.7740600e+00  -3.4305800e-01
   3.3000000e+01  -1.5694200e+01   6.2714000e+00   1.6096200e+00
   3.4000000e+01  -1.4594600e+01   8.0320000e+00   3.8797300e-01
   3.5000000e+01  -1.8930200e+01  -2.9521400e+00   1.0535200e+00
   3.6000000e+01  -7.8987700e+00   1.7309400e+01   2.1523000e+00
   3.7000000e+01  -7.2628900e+00  -1.0931800e+01  -5.1724800e-01
   3.8000000e+01  -9.7714600e+00  -1.3584000e+01   9.8437400e-01
   3.9000000e+01  -8.6421600e+00  -1.7047800e+01   1.4580800e+00
   4.0000000e+01  -1.4557500e+01  -9.6797800e+00  -4.3368300e-01
   4.1000000e+01  -1.1056800e+01  -1.0460900e+01   1.4726100e+00
   4.2000000e+01  -1.4600000e+01   4.4922900e+00   1.6729800e+00
   4.3000000e+01  -9.6016200e+00  -4.5563800e+00   1.6781600e-01
   4.4000000e+01  -1.4565400e+01  -7.5565500e+00   2.4409600e+00
   4.5000000e+01  -1.1613600e+01  -9.6577800e-01   2.6838300e+00
   4.6000000e+01  -1.3703500e+01  -9.8727600e-01   2.4279600e-01
   4.7000000e+01  -6.3216700e+00   4.3361700e+00   6.8661600e-01
   4.8000000e+01  -1.1530900e+01   9.8546400e+00   1.6291100e+00
   4.9000000e+01  -1.0520900e+01   1.1675800e+01   2.8939500e+00
   5.0000000e+01  -1.5697000e+01   2.6481400e+00   1.0858000e+00
   5.1000000e+01  -1.0453000e+01   8.0577700e+00   3.0177900e+00
   5.2000000e+01  -4.2189600e+00   1.1659100e+01   6.1500200e-02
   5.3000000e+01  -4.5912100e+00   1.9176100e+01   3.3451300e-01
   5.4000000e+01  -1.0768100e+01   1.5366600e+01   2.3069500e+00
   5.5000000e+01  -1.9860500e+00  -1.8878600e+01   2.1640500e+00
   5.6000000e+01  -1.2600100e+01  -6.8568600e+00   1.5334600e+00
   5.7000000e+01  -1.2633000e+01  -8.9301300e+00   1.3294600e+00
   5.8000000e+01  -6.6401400e+00  -1.6296500e+01   1.1484300e+00
   5.9000000e+01  -1.1542500e+01   2.6152800e+00   1.4012900e+00
   6.0000000e+01  -6.8433900e+00  -8.9232300e+00   1.2717500e+00
   6.1000000e+01  -1.5760000e+01  -9.5053000e-01   5.9233400e-02
   6.2000000e+01  -3.1368900e+00  -9.6015100e+00   1.3045400e+00
   6.3000000e+01  -1.0541300e+01   8.1132300e-01  -1.1071000e+00
   6.4000000e+01  -6.3727600e+00   7.4025600e-01   2.1586000e+00
   6.5000000e+01  -1.0458700e+01   4.4571900e+00   2.5023300e+00
   6.6000000e+01  -1.6714200e+01   4.4685400e+00   2.2122000e+00
   6.7000000e+01  -5.3019400e+00   2.5132700e+00   1.2020500e+00
   6.8000000e+01  -8.3103800e+00   8.0601600e+00  -9.2650100e-01
   6.9000000e+01  -1.7765800e+01   2.6849300e+00   1.0327900e+00
   7.0000000e+01  -8.3909700e+00   1.1690700e+01   2.6305800e+00
   7.1000000e+01  -1.2543700e+01   8.0476500e+00   2.9659600e+00
   7.2000000e+01   1.7992400e+00   1.5854300e+01   2.0384800e-01
   7.3000000e+01  -1.3524200e+01  -1.3107500e+01   1.6021800e+00
   7.4000000e+01  -1.1994200e+01  -1.4501300e+01   1.4730300e+00
   7.5000000e+01  -6.2878400e+00  -6.9321700e+00   3.4830400e+00
   7.6000000e+01   8.5100700e-01  -2.4655100e+00   2.2537700e+00
   7.7000000e+01  -9.2965700e+00  -1.1519800e+01   8.1728600e-01
   7.8000000e+01  -8.8367500e+00  -9.4748900e+00   6.7835300e-01
   7.9000000e+01  -5.8516600e+00  -4.9068700e+00   1.0313200e+00
   8.0000000e+01  -4.1883500e+00   7.9896200e+00   2.2171600e+00
   8.1000000e+01  -8.7156300e+00  -7.4135100e+00   1.3323600e-01
   8.2000000e+01  -1.4676700e+01   8.3684000e-01   1.3011400e+00
   8.3000000e+01  -5.3521500e+00  -1.1006300e+00   5.9733600e-01
   8.4000000e+01  -7.3133600e+00   6.2296400e+00   2.5588600e-01
   8.5000000e+01  -5.1761100e+00   9.8191700e+00   2.0043300e+00
   8.6000000e+01  -9.6618600e+00   1.3556800e+01   1.1018100e+00
   8.7000000e+01  -1.2539500e+01   4.4462500e+00  -6.7930600e-01
   8.8000000e+01  -7.4821300e+00   1.3574100e+01   7.5339100e-01
   8.9000000e+01  -1.0442700e-01   1.2164900e+01   2.4284700e+00
   9.0000000e+01  -8.6743700e+00   1.5362900e+01   1.2120800e+00
   9.1000000e+01   4.5684900e+00  -1.6739400e+01   7.3012700e-01
   9.2000000e+01   9.7555800e-01  -1.5975900e+01   6.3243400e-01
   9.3000000e+01  -2.6038400e+00  -1.5030400e+01   4.2426500e-01
   9.4000000e+01  -7.7160700e+00  -1.2935500e+01   8.9488200e-01
   9.5000000e+01  -4.6433800e+00  -8.1892500e+00   1.5039500e+00
   9.6000000e+01  -2.6982100e-01  -4.7345000e+00   3.6725100e-01
   9.7000000e+01  -1.9928900e+01  -9.1654000e-01   1.0037000e+00
   9.8000000e+01  -7.4445700e+00  -1.0377000e+00   1.3219300e+00
   9.9000000e+01  -8.3696200e+00   4.4223800e+00   3.5510400e-01
   1.0000000e+02  -4.3566400e+00  -3.4856000e+00   9.7576800e-01
   1.0100000e+02  -2.1764500e+00  -5.5483700e+00  -3.1160700e-01
   1.0200000e+02  -1.3614500e+01   9.8665900e+00   5.2143900e-01
   1.0300000e+02  -1.2630100e+00   1.3893900e+01   9.6068700e-01
   1.0400000e+02  -7.5478000e-01   5.7720700e+00   1.3912800e+00
   1.0500000e+02  -1.2612800e+01   1.1671500e+01   7.7592900e-01
   1.0600000e+02  -5.6014700e+00   1.7273300e+01   9.1883500e-01
   1.0700000e+02  -6.6116400e+00   1.5472600e+01   3.8067000e+00
   1.0800000e+02  -3.5363100e+00   1.7341900e+01   6.8162900e-01
   1.0900000e+02  -5.9735800e-01  -1.4487100e+01   5.9594100e-01
   1.1000000e+02  -8.1957000e+00  -1.4942400e+01   2.2617100e+00
   1.1100000e+02  -6.1110400e+00  -1.4260400e+01   3.4173700e+00
   1.1200000e+02  -5.2020400e+00  -1.0219800e+01   1.2593600e+00
   1.1300000e+02   1.7445100e+00  -4.3342400e+00  -2.7507600e-03
   1.1400000e+02  -4.1810300e+00  -6.1389200e+00   4.4412900e-01
   1.1500000e+02  -1.0632600e+01  -8.4264400e+00   1.8748600e+00
   1.1600000e+02  -4.3036800e+00   6.9786200e-01   1.1184400e+00
   1.1700000e+02  -1.2208600e+00  -1.7133000e+00   2.0767600e+00
   1.1800000e+02  -6.4381000e+00  -2.9190300e+00   6.7720600e-01
   1.1900000e+02  -6.2414300e+00   8.0389900e+00   6.5303100e-01
   1.2000000e+02  -7.2489500e+00   9.8613200e+00   1.2575600e+00
   1.2100000e+02  -3.0537300e-01   1.5778600e+01   2.6346100e+00
   1.2200000e+02  -3.2283900e+00   2.5046500e+00   1.0635700e+00
   1.2300000e+02  -1.0158500e+00   1.0240500e+01   1.6821200e+00
   1.2400000e+02  -5.3997300e+00   1.3605300e+01   1.0874500e+00
   1.2500000e+02  -4.4886000e+00   1.5521400e+01   6.7601400e-01
   1.2600000e+02   6.3969100e-01   1.7616000e+01   4.7759700e-01
   1.2700000e+02  -1.1703400e+00  -8.9937600e+00   1.1758800e+00
   1.2800000e+02  -7.0658600e+00  -1.8367800e+01   1.9982700e-01
   1.2900000e+02  -4.6162100e+00  -1.5663000e+01   7.8884200e-02
   1.3000000e+02  -5.6638200e+00  -1.2232400e+01   7.4481900e-01
   1.3100000e+02  -2.2946200e+00  -3.4834700e+00   1.6279400e+00
   1.3200000e+02  -9.4841000e-02  -1.2478000e+01  -7.2521600e-01
   1.3300000e+02   1.3008100e+00  -6.3841900e+00   1.7198400e+00
   1.3400000e+02   5.6943600e+00  -3.1447700e+00   3.4974300e+00
   1.3500000e+02   6.7800700e+00  -6.5598200e+00   2.3926100e+00
   1.3600000e+02   3.6016900e+00  -1.7200200e+00   3.0348400e-01
   1.3700000e+02  -3.3688800e+00  -1.6709500e+00   8.7596200e-01
   1.3800000e+02  -4.2662700e+00   4.3122000e+00   6.9623600e-01
   1.3900000e+02  -2.0725400e+00   7.9062300e+00   2.4554400e-01
   1.4000000e+02  -3.0005000e+00   9.7395100e+00   1.6106600e+00
   1.4100000e+02  -6.2819700e+00   1.1747900e+01   9.4922800e-01
   1.4200000e+02  -2.1633400e+00   1.1976700e+01   1.2132300e+00
   1.4300000e+02  -3.3269900e+00   1.3746600e+01   5.6423200e-01
   1.4400000e+02   5.0647900e+00   1.2451800e+01   1.0954100e-01
   1.4500000e+02   2.9789100e+00  -1.5371300e+01   4.3509600e-01
   1.4600000e+02  -2.6466500e+00  -7.5529600e+00   1.7987200e+00
   1.4700000e+02   5.4425300e+00  -1.2671600e+01  -1.1437800e+00
   1.4800000e+02  -4.1478100e+00  -1.3653600e+01   2.0692200e+00
   1.4900000e+02   7.6620900e+00  -2.5043000e+00   1.2795400e+00
   1.5000000e+02  -7.8013600e+00  -5.5374200e+00   1.2164500e+00
   1.5100000e+02  -6.8088000e-01  -6.9594900e+00   1.2406900e+00
   1.5200000e+02   3.2725900e+00  -5.7795100e+00   1.1192800e+00
   1.5300000e+02   2.7553300e+00   1.2371500e+00   1.3733200e+00
   1.5400000e+02  -2.1985200e-01   1.4765200e-01   2.0930200e+00
   1.5500000e+02  -7.3779900e+00   2.5649000e+00   5.8256500e-02
   1.5600000e+02  -9.4712000e+00   2.6153400e+00   8.1157600e-01
   1.5700000e+02  -2.4742300e-01   3.7085300e+00   1.7069800e-01
   1.5800000e+02  -2.3801100e+00   1.5626000e+01   2.5425200e+00
   1.5900000e+02   1.0925000e+01   1.3313100e+01   9.3791300e-01
   1.6000000e+02   1.9487400e+00   1.2329500e+01   1.7739300e+00
   1.6100000e+02  -7.6635400e-02   8.3963000e+00   2.9834200e-02
   1.6200000e+02  -1.4775400e+00   1.7512400e+01   9.3915300e-01
   1.6300000e+02  -3.0643500e+00  -1.7109300e+01   1.9703100e+00
   1.6400000e+02  -5.4018500e+00  -1.9858600e+01  -4.2971300e-01
   1.6500000e+02   3.4265300e+00  -1.3333400e+01   4.3444900e-01
   1.6600000e+02   3.8973000e+00  -1.1275300e+01  -8.0180500e-03
   1.6700000e+02   2.3924900e+00  -9.8337500e+00   2.2177700e+00
   1.6800000e+02  -2.1061800e+00  -1.3016300e+01  -5.4499700e-01
   1.6900000e+02   5.2531000e+00   4.2035700e+00   3.0203200e+00
   1.7000000e+02   8.5618900e-01  -8.4053000e+00   2.7991800e+00
   1.7100000e+02   1.0397600e+01   2.3019400e+00   5.2026900e-01
   1.7200000e+02   4.5108200e+00   1.6919000e-01   1.5383100e+00
   1.7300000e+02  -8.4795400e+00   7.9476000e-01   8.1489600e-01
   1.7400000e+02   1.7945200e+00  -6.3440300e-01   3.3859600e+00
   1.7500000e+02  -5.2412700e+00   6.2053700e+00   4.8038700e-01
   1.7600000e+02   7.1772600e+00   9.2779900e+00  -2.4397500e-01
   1.7700000e+02   8.0334900e-01   1.9334500e+00   1.5248100e+00
   1.7800000e+02   1.1178400e+00   1.0445500e+01   1.4266200e+00
   1.7900000e+02   3.9243200e+00   1.5931500e+01   1.4383000e+00
   1.8000000e+02   1.6799800e+00   1.9397600e+01  -2.1946200e+00
   1.8100000e+02   5.8807700e+00  -1.0657900e+01   1.9212600e+00
   1.8200000e+02  -1.0685300e+00  -1.6515200e+01   5.8397300e-01
   1.8300000e+02  -5.0885000e+00  -1.7803200e+01   1.5222400e+00
   1.8400000e+02  -1.5869300e+00  -1.1004100e+01   4.5941700e-01
   1.8500000e+02   4.3689400e+00  -9.2294000e+00   1.8485600e+00
   1.8600000e+02   6.0442200e+00  -1.8175500e+01   1.5878100e+00
   1.8700000e+02   4.8063500e+00  -7.1801500e+00   2.3937700e-01
   1.8800000e+02   6.8822900e+00   2.9476900e+00  -4.8129100e-02
   1.8900000e+02   5.2524100e+00  -5.1573200e+00   2.3345300e+00
   1.9000000e+02  -2.2145500e+00   4.3223500e+00   3.0827200e+00
   1.9100000e+02   1.5695000e+00   7.0761600e+00   1.7958800e+00
   1.9200000e+02   2.4380800e+00   3.2730500e+00   6.7847600e-01
   1.9300000e+02   5.5937800e+00   6.2513200e+00  -2.0308000e-02
   1.9400000e+02   2.5514500e+00   8.9124000e+00   7.1277300e-01
   1.9500000e+02   8.7896800e+00   7.9713300e+00   1.7083000e+00
   1.9600000e+02   3.3467400e+00   1.0827500e+01   1.9787800e+00
   1.9700000e+02   7.3176100e+00   1.5497300e+01   1.6383900e+00
   1.9800000e+02   4.6002500e+00   1.8669300e+01   1.5668200e+00
   1.9900000e+02   4.1680900e-01  -1.0474100e+01   4.0285200e-01
   2.0000000e+02   1.4064500e+00  -1.3935300e+01   2.7677500e+00
   2.0100000e+02   4.9773100e+00  -1.4696900e+01   5.9221400e-01
   2.0200000e+02   1.3426200e+01  -1.0145600e+01  -1.2093500e-01
   2.0300000e+02   8.2960500e+00  -7.9752800e+00   3.2926200e-01
   2.0400000e+02   9.2114900e+00  -3.8702400e+00  -5.5277500e-01
   2.0500000e+02   7.4509900e+00  -1.2066100e+01   1.3650000e+00
   2.0600000e+02   3.3899600e+00   5.1016400e+00   2.6991600e-02
   2.0700000e+02   3.7173000e+00  -3.7599800e+00  -1.6279700e+00
   2.0800000e+02   1.1546100e+01  -1.1189100e+00  -6.4883700e-01
   2.0900000e+02   8.0590300e+00  -4.3018800e-01   1.6716500e+00
   2.1000000e+02   8.4493200e+00   1.6118200e+00   3.1423300e-01
   2.1100000e+02  -2.2972400e+00   1.3952700e-01   7.9774400e-01
   2.1200000e+02   1.0629000e+01   8.9640400e+00   1.6655800e+00
   2.1300000e+02   1.3347200e+00   5.0226700e+00  -3.8251100e-01
   2.1400000e+02  -1.2521300e+00   1.9230500e+00  -8.7744100e-01
   2.1500000e+02   9.0595000e+00   1.2317400e+01   3.0695500e+00
   2.1600000e+02   5.7779100e+00   1.6881500e+01   1.7768000e+00
   2.1700000e+02   4.0692400e+00  -1.8831700e+01   1.8819600e+00
   2.1800000e+02   2.5187900e+00  -1.7415300e+01  -1.2118600e+00
   2.1900000e+02   1.0597700e+01  -1.4843100e+01   1.3810100e+00
   2.2000000e+02   6.3273700e+00  -8.5924700e+00   1.1770500e+00
   2.2100000e+02   1.9133800e+00  -1.1904700e+01   1.6999700e+00
   2.2200000e+02   1.2691200e+01  -4.5716500e+00   1.4763800e+00
   2.2300000e+02   6.4920400e+00   9.2461400e-01   2.8785500e+00
   2.2400000e+02   6.1110300e+00  -1.1382800e+00   9.1357500e-01
   2.2500000e+02   3.6293800e+00   7.1519500e+00   2.2277900e+00
   2.2600000e+02   9.0737500e+00   5.8772400e+00   1.8970900e+00
   2.2700000e+02  -3.1572500e+00   6.1613200e+00   1.7992400e+00
   2.2800000e+02   1.0739700e+01   4.5756400e+00   2.1893700e-01
   2.2900000e+02   1.2345000e+01   2.9734600e+00   9.0958200e-01
   2.3000000e+02   7.2380100e+00   1.3415000e+01   9.9192200e-01
   2.3100000e+02   5.3994000e+00   1.0373400e+01   3.0290900e+00
   2.3200000e+02  -6.4525700e-01   1.9397700e+01   7.6931800e-01
   2.3300000e+02   2.7937400e+00   1.7660700e+01   2.6683700e+00
   2.3400000e+02   5.3529200e+00   8.3074300e+00   1.4746500e+00
   2.3500000e+02   7.8758700e+00  -1.0041200e+01   1.9772300e+00
   2.3600000e+02  -3.6408600e+00  -1.1603500e+01   1.8718500e+00
   2.3700000e+02   9.8740300e+00  -9.3531600e+00   8.9672800e-01
   2.3800000e+02   9.0068400e+00  -1.3475400e+01   2.6678600e+00
   2.3900000e+02   8.6244600e+00  -1.5503700e+01   2.1147100e-01
   2.4000000e+02   7.2274700e+00   4.9761200e+00   2.1206200e+00
   2.4100000e+02   4.5630900e+00   2.2413100e+00   2.3696000e+00
   2.4200000e+02   2.8283400e+00  -7.8018700e+00   2.9512200e+00
   2.4300000e+02   1.7897100e+01   2.8657400e+00   1.8630100e+00
   2.4400000e+02   1.3526100e+01  -4.5811900e-01   1.9860400e+00
   2.4500000e+02   1.5111800e+01   7.8955600e+00   3.1737200e+00
   2.4600000e+02   1.4615700e+01   9.9322200e+00   1.8766500e+00
   2.4700000e+02   1.8221200e+01   5.0875300e+00   1.9375900e+00
   2.4800000e+02   3.2456800e+00   1.3944300e+01   1.9222400e+00
   2.4900000e+02   1.0847000e+01   1.1249700e+01   1.5139100e+00
   2.5000000e+02   1.4701400e+01   5.7682100e+00   1.9239100e+00
   2.5100000e+02   1.7466600e+01   8.4658000e-01   2.5952900e+00
   2.5200000e+02   8.1433000e-01   1.4052800e+01   9.9632200e-01
   2.5300000e+02   6.9541900e+00  -1.4117200e+01   2.1425800e+00
   2.5400000e+02   6.6203900e+00  -1.6142200e+01   6.6879200e-01
   2.5500000e+02   1.8595300e+01  -2.5313800e+00   1.6967400e+00
   2.5600000e+02   1.1936800e+01  -8.6862800e+00   1.1973100e-01
   2.5700000e+02   1.0347900e+01  -7.3286200e+00   8.0264600e-01
   2.5800000e+02   8.8035400e+00  -5.9253700e+00   2.0563300e+00
   2.5900000e+02   1.4312600e+01   3.6497900e+00   5.2722400e-01
   2.6000000e+02   1.4259500e+01  -5.9600100e+00   9.6595800e-01
   2.6100000e+02   1.5837100e+01  -7.3196500e+00   1.2584400e+00
   2.6200000e+02   1.3034500e+01   7.1258600e+00   1.1302000e+00
   2.6300000e+02   1.1163300e+01  -3.1573200e+00  -8.8530300e-01
   2.6400000e+02   1.0005000e+01   2.7098700e-01   1.1195700e+00
   2.6500000e+02   1.2694200e+01   9.1696300e+00   5.5724000e-01
   2.6600000e+02   1.6652300e+01   6.4645800e+00  -5.6417300e-01
   2.6700000e+02   1.2981500e+01   1.3329200e+01   2.7243100e+00
   2.6800000e+02   9.0657600e+00   1.4380800e+01   2.4179300e+00
   2.6900000e+02   7.2178100e+00   1.1355400e+01   1.2271600e+00
   2.7000000e+02   5.4483000e+00   1.4488400e+01   2.2693700e+00
   2.7100000e+02   4.5009000e-01  -1.8010400e+01   1.0278500e+00
   2.7200000e+02   7.2485200e+00  -4.5237600e+00   1.5388300e+00
   2.7300000e+02   9.4132200e+00  -1.1434000e+01   2.9548100e+00
   2.7400000e+02   1.1416100e+01  -1.0759900e+01   1.2678900e+00
   2.7500000e+02   1.5473900e+01   2.0869000e-01   3.0053500e-01
   2.7600000e+02   1.3110900e+01  -2.4940900e+00   8.1104800e-01
   2.7700000e+02   1.2768100e+01   5.0151300e+00   6.6011800e-01
   2.7800000e+02   1.1981400e+01   9.0308400e-01   1.4054600e+00
   2.7900000e+02   1.0752600e+01  -5.2564200e+00   1.7182900e+00
   2.8000000e+02   1.6631700e+01  -3.2238000e+00  -9.6027400e-01
   2.8100000e+02   1.0900200e+01   6.9128700e+00   5.3319400e-01
   2.8200000e+02   1.5071000e+01  -1.8344400e+00   6.2541000e-02
   2.8300000e+02   1.6259900e+01   4.3418000e+00   1.4220500e+00
   2.8400000e+02   8.8295600e+00   3.6497000e+00   5.2905300e-01
   2.8500000e+02   1.3944200e+01   1.6005700e+00  -2.3113100e-01
   2.8600000e+02   1.3014200e+01   1.1234700e+01   1.9608300e+00
   2.8700000e+02   9.0127700e+00   1.0229600e+01   1.7704500e+00
   2.8800000e+02   1.1834000e+01   1.5185500e+01   7.7928600e-01
   2.8900000e+02   1.1012400e+01  -1.2820300e+01   9.3454700e-01
   2.9000000e+02   1.2997000e+01  -1.2187400e+01   8.1659700e-01
   2.9100000e+02   1.6208100e+01  -5.2947800e+00   1.2190800e+00
   2.9200000e+02   1.2299800e+01  -6.6245100e+00   1.1006200e+00
   2.9300000e+02   1.7027000e+01  -1.1866000e+00   1.8876900e+00
   2.9400000e+02   1.5427600e+01  -9.4585400e+00   1.3012700e+00
   2.9500000e+02   1.3881100e+01  -7.9915300e+00  -5.5329700e-01
   2.9600000e+02   1.9773200e+01   3.7539500e+00   1.6587100e+00
   2.9700000e+02   1.4676400e+01  -3.8971200e+00  -1.0353100e+00
   2.9800000e+02   1.5919400e+01   2.2618400e+00   1.5294600e+00
   2.9900000e+02   9.6044800e+00  -1.8135100e+00   1.4159800e+00
   3.0000000e+02   1.8150500e+01  -4.6345700e+00   1.0347500e+00
