           3          16         258           1           3          16
           4          10         279           1           4          10
           4          12         249           1           4          12
           4          14         264           1           4          14
           4          15         240           1           4          15
           4          17         248           1           4          17
           4          18         288           1           4          18
           4          20         278           1           4          20
           5           8         280           1           5           8
           5           9         269           1           5           9
           5          10         213           1           5          10
           5          12         234           1           5          12
           5          13         197           1           5          13
           5          14         210           1           5          14
           5          15         186           1           5          15
           5          16         204           1           5          16
           5          18         228           1           5          18
           5          21         268           1           5          21
           6           9         221           1           6           9
           6          11         177           1           6          11
           6          14         162           1           6          14
           6          16         152           1           6          16
           6          18         196           1           6          18
           6          19         174           1           6          19
           6          20         212           1           6          20
           6          21         220           1           6          21
           6          22         276           1           6          22
           7           8         230           1           7           8
           7          10         167           1           7          10
           7          13         145           1           7          13
           7          15         126           1           7          15
           7          16         116           1           7          16
           7          18         150           1           7          18
           7          20         166           1           7          20
           7          22         229           1           7          22
           8           6         260           1           8           6
           8           7         206           2           8           7
           8           7         250           2           8           7
           8           8         193           1           8           8
           8           9         178           1           8           9
           8          10         135           1           8          10
           8          12         134           1           8          12
           8          13         102           1           8          13
           8          14         118           1           8          14
           8          15          90           1           8          15
           8          17         108           1           8          17
           8          19         132           1           8          19
           8          20         133           1           8          20
           8          21         175           1           8          21
           8          22         192           1           8          22
           8          23         242           1           8          23
           8          24         259           1           8          24
           9           6         237           1           9           6
           9           9         141           1           9           9
           9          12          95           1           9          12
           9          14          81           1           9          14
           9          15          60           1           9          15
           9          16          80           1           9          16
           9          18          94           1           9          18
           9          21         144           1           9          21
           9          22         153           1           9          22
           9          23         205           1           9          23
          10           5         256           1          10           5
          10           6         179           1          10           6
          10           8         155           1          10           8
          10           9         111           1          10           9
          10          10         103           1          10          10
          10          12          69           2          10          12
          10          12          70           2          10          12
          10          14          53           1          10          14
          10          16          52           1          10          16
          10          17          68           1          10          17
          10          19          66           1          10          19
          10          20         106           1          10          20
          10          23         176           1          10          23
          10          24         236           1          10          24
          11           4         245           1          11           4
          11           5         202           1          11           5
          11           8         123           1          11           8
          11          10          84           1          11          10
          11          13          41           1          11          13
          11          15          36           1          11          15
          11          17          40           1          11          17
          11          20          78           1          11          20
          11          21         117           1          11          21
          11          22         122           1          11          22
          11          24         200           1          11          24
          11          25         254           1          11          25
          11          26         243           1          11          26
          12           3         285           1          12           3
          12           5         190           1          12           5
          12           7         157           1          12           7
          12           8         115           1          12           8
          12          10          87           2          12          10
          12          10          57           2          12          10
          12          12          49           1          12          12
          12          13          25           1          12          13
          12          14          24           1          12          14
          12          15          18           1          12          15
          12          16          30           1          12          16
          12          17          28           1          12          17
          12          18          48           1          12          18
          12          21          86           1          12          21
          12          22         110           1          12          22
          12          23         154           1          12          23
          12          24         188           1          12          24
          12          27         286           1          12          27
          13           3         274           1          13           3
          13           4         226           1          13           4
          13           7         147           1          13           7
          13           9          76           1          13           9
          13          12          33           1          13          12
          13          14          11           1          13          14
          13          15           6           1          13          15
          13          16          10           1          13          16
          13          19          32           2          13          19
          13          19          56           2          13          19
          13          21          74           1          13          21
          13          23         140           1          13          23
          13          25         224           1          13          25
          13          26         272           1          13          26
          14           4         216           1          14           4
          14           6         172           1          14           6
          14           7         130           1          14           7
          14           8         101           1          14           8
          14           9          64           1          14           9
          14          11          23           2          14          11
          14          11          46           2          14          11
          14          13          15           1          14          13
          14          16           2           1          14          16
          14          17          14           1          14          17
          14          19          20           1          14          19
          14          20          44           1          14          20
          14          21          62           1          14          21
          14          22          98           1          14          22
          14          23         128           1          14          23
          14          25         170           1          14          25
          14          26         214           1          14          26
          15           3         267           1          15           3
          15           6         165           1          15           6
          15           8          93           1          15           8
          15          10          39           1          15          10
          15          13           9           1          15          13
          15          14           3           2          15          14
          15          14           5           2          15          14
          15          15           1           1          15          15
          15          17           8           1          15          17
          15          20          38           1          15          20
          15          22          92           1          15          22
          15          24         164           1          15          24
          15          27         266           1          15          27
          16           3         275           1          16           3
          16           4         217           1          16           4
          16           5         173           1          16           5
          16           7         131           1          16           7
          16           8          99           1          16           8
          16           9          65           1          16           9
          16          10          47           1          16          10
          16          11          21           1          16          11
          16          13          17           1          16          13
          16          15           7           1          16          15
          16          16           4           1          16          16
          16          17          16           1          16          17
          16          19          22           1          16          19
          16          20          45           1          16          20
          16          21          63           1          16          21
          16          22         100           1          16          22
          16          23         129           1          16          23
          16          26         215           1          16          26
          16          27         273           1          16          27
          17           4         227           1          17           4
          17           7         143           1          17           7
          17           9          77           1          17           9
          17          12          35           1          17          12
          17          14          13           1          17          14
          17          16          12           1          17          16
          17          18          34           1          17          18
          17          21          75           1          17          21
          17          23         146           1          17          23
          17          24         171           1          17          24
          17          26         225           1          17          26
          18           3         287           1          18           3
          18           4         246           1          18           4
          18           6         191           1          18           6
          18           7         159           1          18           7
          18           8         113           1          18           8
          18           9          89           1          18           9
          18          11          59           2          18          11
          18          11          51           2          18          11
          18          12          29           1          18          12
          18          14          31           1          18          14
          18          15          19           1          18          15
          18          16          27           1          18          16
          18          17          26           1          18          17
          18          20          58           1          18          20
          18          21          88           1          18          21
          18          22         114           1          18          22
          18          25         189           1          18          25
          18          26         244           1          18          26
          18          27         284           1          18          27
          19           5         203           1          19           5
          19           8         125           1          19           8
          19          10          79           1          19          10
          19          13          43           1          19          13
          19          15          37           1          19          15
          19          17          42           1          19          17
          19          19          50           1          19          19
          19          20          85           1          19          20
          19          22         124           1          19          22
          19          23         156           1          19          23
          19          24         201           1          19          24
          20           4         257           1          20           4
          20           6         239           1          20           6
          20           7         183           1          20           7
          20           9         120           1          20           9
          20          10         107           1          20          10
          20          12          67           1          20          12
          20          13          73           1          20          13
          20          14          55           1          20          14
          20          15          61           1          20          15
          20          16          54           1          20          16
          20          17          72           1          20          17
          20          19          71           1          20          19
          20          20         104           1          20          20
          20          21         112           1          20          21
          20          22         158           1          20          22
          20          23         180           1          20          23
          20          24         238           1          20          24
          20          26         255           1          20          26
          21           7         208           1          21           7
          21           8         160           1          21           8
          21           9         149           1          21           9
          21          12          97           1          21          12
          21          14          83           1          21          14
          21          16          82           1          21          16
          21          19          96           1          21          19
          21          21         142           1          21          21
          21          22         194           1          21          22
          21          23         207           1          21          23
          22           6         262           1          22           6
          22           8         195           1          22           8
          22           9         184           1          22           9
          22          10         138           1          22          10
          22          11         139           1          22          11
          22          13         109           1          22          13
          22          14         121           1          22          14
          22          15          91           1          22          15
          22          17         105           2          22          17
          22          17         119           2          22          17
          22          20         136           1          22          20
          22          21         181           1          22          21
          22          23         251           1          22          23
          22          24         261           1          22          24
          23           7         247           1          23           7
          23           8         232           1          23           8
          23          11         169           1          23          11
          23          13         151           1          23          13
          23          17         148           1          23          17
          23          18         137           1          23          18
          23          20         168           1          23          20
          23          22         231           1          23          22
          24           9         223           1          24           9
          24          10         219           1          24          10
          24          11         185           1          24          11
          24          14         161           1          24          14
          24          15         127           2          24          15
          24          15         187           2          24          15
          24          16         163           1          24          16
          24          18         182           2          24          18
          24          18         198           2          24          18
          24          20         218           1          24          20
          24          21         222           1          24          21
          24          22         281           1          24          22
          25           7         277           1          25           7
          25           9         271           1          25           9
          25          11         233           1          25          11
          25          12         199           1          25          12
          25          14         209           1          25          14
          25          16         211           1          25          16
          25          19         235           1          25          19
          25          21         270           1          25          21
          26          10         283           1          26          10
          26          11         289           1          26          11
          26          13         253           1          26          13
          26          15         241           1          26          15
          26          16         265           1          26          16
          26          17         252           1          26          17
          26          20         282           1          26          20
          27          14         263           1          27          14
