    1    1 22125.00000   700.00000     0.35772     142
    1    2 22125.00000  2100.00000     0.33455      72
    1    3 22125.00000  3500.00000     0.33650     141
    1    4 22125.00000  4900.00000     0.32980     352
    1    5 22125.00000  6300.00000     0.33432     785
    1    6 22125.00000  7700.00000     0.31711     588
    1    7 22125.00000  9100.00000     0.32405     801
    1    8 22125.00000 10500.00000     0.33185     864
    1    9 22125.00000 11900.00000     0.33809     819
    1   10 22125.00000 13300.00000     0.33485     989
    1   11 22125.00000 14700.00000     0.32605    1141
    1   12 22125.00000 16100.00000     0.32492    1431
    1   13 22125.00000 17500.00000     0.30672    1241
    1   14 22125.00000 18900.00000     0.30488    2005
    1   15 22125.00000 20300.00000     0.29859    1748
    1   16 22125.00000 21700.00000     0.29487    1729
    1   17 22125.00000 23100.00000     0.29017    2500
    1   18 22125.00000 24500.00000     0.28770    2091
    1   19 22125.00000 25900.00000     0.29662    2369
    1   20 22125.00000 27300.00000     0.30920    2114
    1   21 22125.00000 28700.00000     0.30144    1858
    1   22 22125.00000 30100.00000     0.29053    1114
    1   23 22125.00000 31500.00000     0.29789    1187
    1   24 22125.00000 32900.00000     0.30709    1105
    1   25 22125.00000 34300.00000     0.31950     464
    1   26 22125.00000 35700.00000     0.34227     111
    1   27 22125.00000 37100.00000     0.39112      57
    1   28 22125.00000 38500.00000     0.40813       2
    1   29 22125.00000 39900.00000     0.00000       0
    1   30 22125.00000 41300.00000     0.00000       0
    1   31 22125.00000 42700.00000     0.00000       0
    1   32 22125.00000 44100.00000     0.00000       0
    1   33 22125.00000 45500.00000     0.00000       0
    1   34 22125.00000 46900.00000     0.00000       0
    1   35 22125.00000 48300.00000     0.00000       0
    1   36 22125.00000 49700.00000     0.00000       0
    1   37 22125.00000 51100.00000     0.00000       0
    1   38 22125.00000 52500.00000     0.00000       0
    1   39 22125.00000 53900.00000     0.00000       0
    1   40 22125.00000 55300.00000     0.00000       0
    1   41 22125.00000 56700.00000     0.00000       0
    1   42 22125.00000 58100.00000     0.00000       0
    1   43 22125.00000 59500.00000     0.00000       0
    1   44 22125.00000 60900.00000     0.00000       0
    1   45 22125.00000 62300.00000     0.00000       0
    1   46 22125.00000 63700.00000     0.00000       0
    1   47 22125.00000 65100.00000     0.00000       0
    1   48 22125.00000 66500.00000     0.00000       0
    1   49 22125.00000 67900.00000     0.00000       0
    1   50 22125.00000 69300.00000     0.00000       0
    2    1 21875.00000   700.00000     0.34556      27
    2    2 21875.00000  2100.00000     0.33142      13
    2    3 21875.00000  3500.00000     0.32672      39
    2    4 21875.00000  4900.00000     0.32430      66
    2    5 21875.00000  6300.00000     0.32445     158
    2    6 21875.00000  7700.00000     0.31476     111
    2    7 21875.00000  9100.00000     0.31822     166
    2    8 21875.00000 10500.00000     0.32437     180
    2    9 21875.00000 11900.00000     0.32911     149
    2   10 21875.00000 13300.00000     0.32674     223
    2   11 21875.00000 14700.00000     0.31964     227
    2   12 21875.00000 16100.00000     0.31042     318
    2   13 21875.00000 17500.00000     0.29644     238
    2   14 21875.00000 18900.00000     0.29186     478
    2   15 21875.00000 20300.00000     0.28867     261
    2   16 21875.00000 21700.00000     0.28022     528
    2   17 21875.00000 23100.00000     0.27966     412
    2   18 21875.00000 24500.00000     0.27354     495
    2   19 21875.00000 25900.00000     0.29576     432
    2   20 21875.00000 27300.00000     0.29028     501
    2   21 21875.00000 28700.00000     0.28715     242
    2   22 21875.00000 30100.00000     0.28204     302
    2   23 21875.00000 31500.00000     0.30044     249
    2   24 21875.00000 32900.00000     0.29852      58
    2   25 21875.00000 34300.00000     0.35078       7
    2   26 21875.00000 35700.00000     0.00000       0
    2   27 21875.00000 37100.00000     0.00000       0
    2   28 21875.00000 38500.00000     0.00000       0
    2   29 21875.00000 39900.00000     0.00000       0
    2   30 21875.00000 41300.00000     0.00000       0
    2   31 21875.00000 42700.00000     0.00000       0
    2   32 21875.00000 44100.00000     0.00000       0
    2   33 21875.00000 45500.00000     0.00000       0
    2   34 21875.00000 46900.00000     0.00000       0
    2   35 21875.00000 48300.00000     0.00000       0
    2   36 21875.00000 49700.00000     0.00000       0
    2   37 21875.00000 51100.00000     0.00000       0
    2   38 21875.00000 52500.00000     0.00000       0
    2   39 21875.00000 53900.00000     0.00000       0
    2   40 21875.00000 55300.00000     0.00000       0
    2   41 21875.00000 56700.00000     0.00000       0
    2   42 21875.00000 58100.00000     0.00000       0
    2   43 21875.00000 59500.00000     0.00000       0
    2   44 21875.00000 60900.00000     0.00000       0
    2   45 21875.00000 62300.00000     0.00000       0
    2   46 21875.00000 63700.00000     0.00000       0
    2   47 21875.00000 65100.00000     0.00000       0
    2   48 21875.00000 66500.00000     0.00000       0
    2   49 21875.00000 67900.00000     0.00000       0
    2   50 21875.00000 69300.00000     0.00000       0
    3    1 21625.00000   700.00000     0.34691      33
    3    2 21625.00000  2100.00000     0.33893      24
    3    3 21625.00000  3500.00000     0.32332      53
    3    4 21625.00000  4900.00000     0.32533     101
    3    5 21625.00000  6300.00000     0.32103     210
    3    6 21625.00000  7700.00000     0.31640     167
    3    7 21625.00000  9100.00000     0.31651     229
    3    8 21625.00000 10500.00000     0.32337     248
    3    9 21625.00000 11900.00000     0.32846     220
    3   10 21625.00000 13300.00000     0.32388     319
    3   11 21625.00000 14700.00000     0.31696     315
    3   12 21625.00000 16100.00000     0.30749     442
    3   13 21625.00000 17500.00000     0.29319     365
    3   14 21625.00000 18900.00000     0.28632     652
    3   15 21625.00000 20300.00000     0.28415     379
    3   16 21625.00000 21700.00000     0.27414     765
    3   17 21625.00000 23100.00000     0.27407     570
    3   18 21625.00000 24500.00000     0.27221     743
    3   19 21625.00000 25900.00000     0.29024     584
    3   20 21625.00000 27300.00000     0.28706     688
    3   21 21625.00000 28700.00000     0.28732     300
    3   22 21625.00000 30100.00000     0.28519     533
    3   23 21625.00000 31500.00000     0.30346     184
    3   24 21625.00000 32900.00000     0.30953      64
    3   25 21625.00000 34300.00000     0.35823       2
    3   26 21625.00000 35700.00000     0.00000       0
    3   27 21625.00000 37100.00000     0.00000       0
    3   28 21625.00000 38500.00000     0.00000       0
    3   29 21625.00000 39900.00000     0.00000       0
    3   30 21625.00000 41300.00000     0.00000       0
    3   31 21625.00000 42700.00000     0.00000       0
    3   32 21625.00000 44100.00000     0.00000       0
    3   33 21625.00000 45500.00000     0.00000       0
    3   34 21625.00000 46900.00000     0.00000       0
    3   35 21625.00000 48300.00000     0.00000       0
    3   36 21625.00000 49700.00000     0.00000       0
    3   37 21625.00000 51100.00000     0.00000       0
    3   38 21625.00000 52500.00000     0.00000       0
    3   39 21625.00000 53900.00000     0.00000       0
    3   40 21625.00000 55300.00000     0.00000       0
    3   41 21625.00000 56700.00000     0.00000       0
    3   42 21625.00000 58100.00000     0.00000       0
    3   43 21625.00000 59500.00000     0.00000       0
    3   44 21625.00000 60900.00000     0.00000       0
    3   45 21625.00000 62300.00000     0.00000       0
    3   46 21625.00000 63700.00000     0.00000       0
    3   47 21625.00000 65100.00000     0.00000       0
    3   48 21625.00000 66500.00000     0.00000       0
    3   49 21625.00000 67900.00000     0.00000       0
    3   50 21625.00000 69300.00000     0.00000       0
    4    1 21375.00000   700.00000     0.34904      27
    4    2 21375.00000  2100.00000     0.32737      22
    4    3 21375.00000  3500.00000     0.32654      59
    4    4 21375.00000  4900.00000     0.31990      88
    4    5 21375.00000  6300.00000     0.32035     186
    4    6 21375.00000  7700.00000     0.31561     150
    4    7 21375.00000  9100.00000     0.31564     202
    4    8 21375.00000 10500.00000     0.32141     232
    4    9 21375.00000 11900.00000     0.32487     207
    4   10 21375.00000 13300.00000     0.31830     293
    4   11 21375.00000 14700.00000     0.31164     299
    4   12 21375.00000 16100.00000     0.30342     377
    4   13 21375.00000 17500.00000     0.28709     361
    4   14 21375.00000 18900.00000     0.28174     569
    4   15 21375.00000 20300.00000     0.27673     375
    4   16 21375.00000 21700.00000     0.26798     724
    4   17 21375.00000 23100.00000     0.26895     496
    4   18 21375.00000 24500.00000     0.26900     672
    4   19 21375.00000 25900.00000     0.28355     618
    4   20 21375.00000 27300.00000     0.28554     509
    4   21 21375.00000 28700.00000     0.28171     331
    4   22 21375.00000 30100.00000     0.29213     425
    4   23 21375.00000 31500.00000     0.30989     103
    4   24 21375.00000 32900.00000     0.30684      25
    4   25 21375.00000 34300.00000     0.00000       0
    4   26 21375.00000 35700.00000     0.00000       0
    4   27 21375.00000 37100.00000     0.00000       0
    4   28 21375.00000 38500.00000     0.00000       0
    4   29 21375.00000 39900.00000     0.00000       0
    4   30 21375.00000 41300.00000     0.00000       0
    4   31 21375.00000 42700.00000     0.00000       0
    4   32 21375.00000 44100.00000     0.00000       0
    4   33 21375.00000 45500.00000     0.00000       0
    4   34 21375.00000 46900.00000     0.00000       0
    4   35 21375.00000 48300.00000     0.00000       0
    4   36 21375.00000 49700.00000     0.00000       0
    4   37 21375.00000 51100.00000     0.00000       0
    4   38 21375.00000 52500.00000     0.00000       0
    4   39 21375.00000 53900.00000     0.00000       0
    4   40 21375.00000 55300.00000     0.00000       0
    4   41 21375.00000 56700.00000     0.00000       0
    4   42 21375.00000 58100.00000     0.00000       0
    4   43 21375.00000 59500.00000     0.00000       0
    4   44 21375.00000 60900.00000     0.00000       0
    4   45 21375.00000 62300.00000     0.00000       0
    4   46 21375.00000 63700.00000     0.00000       0
    4   47 21375.00000 65100.00000     0.00000       0
    4   48 21375.00000 66500.00000     0.00000       0
    4   49 21375.00000 67900.00000     0.00000       0
    4   50 21375.00000 69300.00000     0.00000       0
    5    1 21125.00000   700.00000     0.35216      36
    5    2 21125.00000  2100.00000     0.32316      23
    5    3 21125.00000  3500.00000     0.32505      76
    5    4 21125.00000  4900.00000     0.32596     113
    5    5 21125.00000  6300.00000     0.31530     216
    5    6 21125.00000  7700.00000     0.31265     181
    5    7 21125.00000  9100.00000     0.31283     243
    5    8 21125.00000 10500.00000     0.31772     284
    5    9 21125.00000 11900.00000     0.31696     257
    5   10 21125.00000 13300.00000     0.31410     334
    5   11 21125.00000 14700.00000     0.30622     410
    5   12 21125.00000 16100.00000     0.29621     434
    5   13 21125.00000 17500.00000     0.28355     498
    5   14 21125.00000 18900.00000     0.27340     639
    5   15 21125.00000 20300.00000     0.26994     549
    5   16 21125.00000 21700.00000     0.26197     819
    5   17 21125.00000 23100.00000     0.26415     631
    5   18 21125.00000 24500.00000     0.27012     770
    5   19 21125.00000 25900.00000     0.27944     821
    5   20 21125.00000 27300.00000     0.28648     515
    5   21 21125.00000 28700.00000     0.27830     534
    5   22 21125.00000 30100.00000     0.29866     351
    5   23 21125.00000 31500.00000     0.30269      78
    5   24 21125.00000 32900.00000     0.34381       8
    5   25 21125.00000 34300.00000     0.00000       0
    5   26 21125.00000 35700.00000     0.00000       0
    5   27 21125.00000 37100.00000     0.00000       0
    5   28 21125.00000 38500.00000     0.00000       0
    5   29 21125.00000 39900.00000     0.00000       0
    5   30 21125.00000 41300.00000     0.00000       0
    5   31 21125.00000 42700.00000     0.00000       0
    5   32 21125.00000 44100.00000     0.00000       0
    5   33 21125.00000 45500.00000     0.00000       0
    5   34 21125.00000 46900.00000     0.00000       0
    5   35 21125.00000 48300.00000     0.00000       0
    5   36 21125.00000 49700.00000     0.00000       0
    5   37 21125.00000 51100.00000     0.00000       0
    5   38 21125.00000 52500.00000     0.00000       0
    5   39 21125.00000 53900.00000     0.00000       0
    5   40 21125.00000 55300.00000     0.00000       0
    5   41 21125.00000 56700.00000     0.00000       0
    5   42 21125.00000 58100.00000     0.00000       0
    5   43 21125.00000 59500.00000     0.00000       0
    5   44 21125.00000 60900.00000     0.00000       0
    5   45 21125.00000 62300.00000     0.00000       0
    5   46 21125.00000 63700.00000     0.00000       0
    5   47 21125.00000 65100.00000     0.00000       0
    5   48 21125.00000 66500.00000     0.00000       0
    5   49 21125.00000 67900.00000     0.00000       0
    5   50 21125.00000 69300.00000     0.00000       0
    6    1 20875.00000   700.00000     0.34367      34
    6    2 20875.00000  2100.00000     0.32559      31
    6    3 20875.00000  3500.00000     0.32323      84
    6    4 20875.00000  4900.00000     0.31961     133
    6    5 20875.00000  6300.00000     0.31187     234
    6    6 20875.00000  7700.00000     0.30822     190
    6    7 20875.00000  9100.00000     0.31122     289
    6    8 20875.00000 10500.00000     0.31452     299
    6    9 20875.00000 11900.00000     0.31125     285
    6   10 20875.00000 13300.00000     0.30868     401
    6   11 20875.00000 14700.00000     0.29925     452
    6   12 20875.00000 16100.00000     0.28904     486
    6   13 20875.00000 17500.00000     0.27717     610
    6   14 20875.00000 18900.00000     0.26895     642
    6   15 20875.00000 20300.00000     0.26126     698
    6   16 20875.00000 21700.00000     0.25875     851
    6   17 20875.00000 23100.00000     0.25533     772
    6   18 20875.00000 24500.00000     0.26881     830
    6   19 20875.00000 25900.00000     0.27676     884
    6   20 20875.00000 27300.00000     0.28535     523
    6   21 20875.00000 28700.00000     0.27887     644
    6   22 20875.00000 30100.00000     0.30199     237
    6   23 20875.00000 31500.00000     0.31775      50
    6   24 20875.00000 32900.00000     0.36592       1
    6   25 20875.00000 34300.00000     0.00000       0
    6   26 20875.00000 35700.00000     0.00000       0
    6   27 20875.00000 37100.00000     0.00000       0
    6   28 20875.00000 38500.00000     0.00000       0
    6   29 20875.00000 39900.00000     0.00000       0
    6   30 20875.00000 41300.00000     0.00000       0
    6   31 20875.00000 42700.00000     0.00000       0
    6   32 20875.00000 44100.00000     0.00000       0
    6   33 20875.00000 45500.00000     0.00000       0
    6   34 20875.00000 46900.00000     0.00000       0
    6   35 20875.00000 48300.00000     0.00000       0
    6   36 20875.00000 49700.00000     0.00000       0
    6   37 20875.00000 51100.00000     0.00000       0
    6   38 20875.00000 52500.00000     0.00000       0
    6   39 20875.00000 53900.00000     0.00000       0
    6   40 20875.00000 55300.00000     0.00000       0
    6   41 20875.00000 56700.00000     0.00000       0
    6   42 20875.00000 58100.00000     0.00000       0
    6   43 20875.00000 59500.00000     0.00000       0
    6   44 20875.00000 60900.00000     0.00000       0
    6   45 20875.00000 62300.00000     0.00000       0
    6   46 20875.00000 63700.00000     0.00000       0
    6   47 20875.00000 65100.00000     0.00000       0
    6   48 20875.00000 66500.00000     0.00000       0
    6   49 20875.00000 67900.00000     0.00000       0
    6   50 20875.00000 69300.00000     0.00000       0
    7    1 20625.00000   700.00000     0.32988      33
    7    2 20625.00000  2100.00000     0.32290      40
    7    3 20625.00000  3500.00000     0.31096      74
    7    4 20625.00000  4900.00000     0.31386     131
    7    5 20625.00000  6300.00000     0.30847     225
    7    6 20625.00000  7700.00000     0.30102     185
    7    7 20625.00000  9100.00000     0.30592     288
    7    8 20625.00000 10500.00000     0.31095     278
    7    9 20625.00000 11900.00000     0.30723     297
    7   10 20625.00000 13300.00000     0.30534     384
    7   11 20625.00000 14700.00000     0.29296     445
    7   12 20625.00000 16100.00000     0.28383     437
    7   13 20625.00000 17500.00000     0.27121     665
    7   14 20625.00000 18900.00000     0.26316     583
    7   15 20625.00000 20300.00000     0.25528     759
    7   16 20625.00000 21700.00000     0.25122     770
    7   17 20625.00000 23100.00000     0.25357     797
    7   18 20625.00000 24500.00000     0.26351     851
    7   19 20625.00000 25900.00000     0.27894     754
    7   20 20625.00000 27300.00000     0.28017     543
    7   21 20625.00000 28700.00000     0.28699     542
    7   22 20625.00000 30100.00000     0.30330     135
    7   23 20625.00000 31500.00000     0.31706      24
    7   24 20625.00000 32900.00000     0.00000       0
    7   25 20625.00000 34300.00000     0.00000       0
    7   26 20625.00000 35700.00000     0.00000       0
    7   27 20625.00000 37100.00000     0.00000       0
    7   28 20625.00000 38500.00000     0.00000       0
    7   29 20625.00000 39900.00000     0.00000       0
    7   30 20625.00000 41300.00000     0.00000       0
    7   31 20625.00000 42700.00000     0.00000       0
    7   32 20625.00000 44100.00000     0.00000       0
    7   33 20625.00000 45500.00000     0.00000       0
    7   34 20625.00000 46900.00000     0.00000       0
    7   35 20625.00000 48300.00000     0.00000       0
    7   36 20625.00000 49700.00000     0.00000       0
    7   37 20625.00000 51100.00000     0.00000       0
    7   38 20625.00000 52500.00000     0.00000       0
    7   39 20625.00000 53900.00000     0.00000       0
    7   40 20625.00000 55300.00000     0.00000       0
    7   41 20625.00000 56700.00000     0.00000       0
    7   42 20625.00000 58100.00000     0.00000       0
    7   43 20625.00000 59500.00000     0.00000       0
    7   44 20625.00000 60900.00000     0.00000       0
    7   45 20625.00000 62300.00000     0.00000       0
    7   46 20625.00000 63700.00000     0.00000       0
    7   47 20625.00000 65100.00000     0.00000       0
    7   48 20625.00000 66500.00000     0.00000       0
    7   49 20625.00000 67900.00000     0.00000       0
    7   50 20625.00000 69300.00000     0.00000       0
    8    1 20375.00000   700.00000     0.32406      31
    8    2 20375.00000  2100.00000     0.32859      41
    8    3 20375.00000  3500.00000     0.31231      94
    8    4 20375.00000  4900.00000     0.31982     148
    8    5 20375.00000  6300.00000     0.29870     235
    8    6 20375.00000  7700.00000     0.30351     211
    8    7 20375.00000  9100.00000     0.30321     331
    8    8 20375.00000 10500.00000     0.30698     290
    8    9 20375.00000 11900.00000     0.30253     349
    8   10 20375.00000 13300.00000     0.29678     428
    8   11 20375.00000 14700.00000     0.28909     504
    8   12 20375.00000 16100.00000     0.27559     504
    8   13 20375.00000 17500.00000     0.26357     762
    8   14 20375.00000 18900.00000     0.25663     628
    8   15 20375.00000 20300.00000     0.24921     876
    8   16 20375.00000 21700.00000     0.24584     812
    8   17 20375.00000 23100.00000     0.25152     901
    8   18 20375.00000 24500.00000     0.26126     950
    8   19 20375.00000 25900.00000     0.28040     763
    8   20 20375.00000 27300.00000     0.27718     669
    8   21 20375.00000 28700.00000     0.29203     457
    8   22 20375.00000 30100.00000     0.30892      93
    8   23 20375.00000 31500.00000     0.32647       3
    8   24 20375.00000 32900.00000     0.00000       0
    8   25 20375.00000 34300.00000     0.00000       0
    8   26 20375.00000 35700.00000     0.00000       0
    8   27 20375.00000 37100.00000     0.00000       0
    8   28 20375.00000 38500.00000     0.00000       0
    8   29 20375.00000 39900.00000     0.00000       0
    8   30 20375.00000 41300.00000     0.00000       0
    8   31 20375.00000 42700.00000     0.00000       0
    8   32 20375.00000 44100.00000     0.00000       0
    8   33 20375.00000 45500.00000     0.00000       0
    8   34 20375.00000 46900.00000     0.00000       0
    8   35 20375.00000 48300.00000     0.00000       0
    8   36 20375.00000 49700.00000     0.00000       0
    8   37 20375.00000 51100.00000     0.00000       0
    8   38 20375.00000 52500.00000     0.00000       0
    8   39 20375.00000 53900.00000     0.00000       0
    8   40 20375.00000 55300.00000     0.00000       0
    8   41 20375.00000 56700.00000     0.00000       0
    8   42 20375.00000 58100.00000     0.00000       0
    8   43 20375.00000 59500.00000     0.00000       0
    8   44 20375.00000 60900.00000     0.00000       0
    8   45 20375.00000 62300.00000     0.00000       0
    8   46 20375.00000 63700.00000     0.00000       0
    8   47 20375.00000 65100.00000     0.00000       0
    8   48 20375.00000 66500.00000     0.00000       0
    8   49 20375.00000 67900.00000     0.00000       0
    8   50 20375.00000 69300.00000     0.00000       0
    9    1 20125.00000   700.00000     0.31262      36
    9    2 20125.00000  2100.00000     0.32161      43
    9    3 20125.00000  3500.00000     0.30083     104
    9    4 20125.00000  4900.00000     0.31330     171
    9    5 20125.00000  6300.00000     0.30231     238
    9    6 20125.00000  7700.00000     0.30088     235
    9    7 20125.00000  9100.00000     0.30243     361
    9    8 20125.00000 10500.00000     0.30322     304
    9    9 20125.00000 11900.00000     0.29804     376
    9   10 20125.00000 13300.00000     0.28867     460
    9   11 20125.00000 14700.00000     0.28033     581
    9   12 20125.00000 16100.00000     0.26806     551
    9   13 20125.00000 17500.00000     0.25758     839
    9   14 20125.00000 18900.00000     0.25150     657
    9   15 20125.00000 20300.00000     0.24459     986
    9   16 20125.00000 21700.00000     0.24152     846
    9   17 20125.00000 23100.00000     0.24995     996
    9   18 20125.00000 24500.00000     0.26190     991
    9   19 20125.00000 25900.00000     0.27996     769
    9   20 20125.00000 27300.00000     0.27813     774
    9   21 20125.00000 28700.00000     0.29856     335
    9   22 20125.00000 30100.00000     0.30503      57
    9   23 20125.00000 31500.00000     0.00000       0
    9   24 20125.00000 32900.00000     0.00000       0
    9   25 20125.00000 34300.00000     0.00000       0
    9   26 20125.00000 35700.00000     0.00000       0
    9   27 20125.00000 37100.00000     0.00000       0
    9   28 20125.00000 38500.00000     0.00000       0
    9   29 20125.00000 39900.00000     0.00000       0
    9   30 20125.00000 41300.00000     0.00000       0
    9   31 20125.00000 42700.00000     0.00000       0
    9   32 20125.00000 44100.00000     0.00000       0
    9   33 20125.00000 45500.00000     0.00000       0
    9   34 20125.00000 46900.00000     0.00000       0
    9   35 20125.00000 48300.00000     0.00000       0
    9   36 20125.00000 49700.00000     0.00000       0
    9   37 20125.00000 51100.00000     0.00000       0
    9   38 20125.00000 52500.00000     0.00000       0
    9   39 20125.00000 53900.00000     0.00000       0
    9   40 20125.00000 55300.00000     0.00000       0
    9   41 20125.00000 56700.00000     0.00000       0
    9   42 20125.00000 58100.00000     0.00000       0
    9   43 20125.00000 59500.00000     0.00000       0
    9   44 20125.00000 60900.00000     0.00000       0
    9   45 20125.00000 62300.00000     0.00000       0
    9   46 20125.00000 63700.00000     0.00000       0
    9   47 20125.00000 65100.00000     0.00000       0
    9   48 20125.00000 66500.00000     0.00000       0
    9   49 20125.00000 67900.00000     0.00000       0
    9   50 20125.00000 69300.00000     0.00000       0
   10    1 19875.00000   700.00000     0.31194      37
   10    2 19875.00000  2100.00000     0.31306      44
   10    3 19875.00000  3500.00000     0.30894     120
   10    4 19875.00000  4900.00000     0.30990     169
   10    5 19875.00000  6300.00000     0.30429     256
   10    6 19875.00000  7700.00000     0.29793     244
   10    7 19875.00000  9100.00000     0.29690     362
   10    8 19875.00000 10500.00000     0.29527     344
   10    9 19875.00000 11900.00000     0.29327     407
   10   10 19875.00000 13300.00000     0.28287     501
   10   11 19875.00000 14700.00000     0.27334     613
   10   12 19875.00000 16100.00000     0.25779     609
   10   13 19875.00000 17500.00000     0.25059     850
   10   14 19875.00000 18900.00000     0.24247     785
   10   15 19875.00000 20300.00000     0.24023    1025
   10   16 19875.00000 21700.00000     0.23835     890
   10   17 19875.00000 23100.00000     0.24584    1071
   10   18 19875.00000 24500.00000     0.26513     991
   10   19 19875.00000 25900.00000     0.27840     834
   10   20 19875.00000 27300.00000     0.27976     697
   10   21 19875.00000 28700.00000     0.29988     262
   10   22 19875.00000 30100.00000     0.30759      19
   10   23 19875.00000 31500.00000     0.00000       0
   10   24 19875.00000 32900.00000     0.00000       0
   10   25 19875.00000 34300.00000     0.00000       0
   10   26 19875.00000 35700.00000     0.00000       0
   10   27 19875.00000 37100.00000     0.00000       0
   10   28 19875.00000 38500.00000     0.00000       0
   10   29 19875.00000 39900.00000     0.00000       0
   10   30 19875.00000 41300.00000     0.00000       0
   10   31 19875.00000 42700.00000     0.00000       0
   10   32 19875.00000 44100.00000     0.00000       0
   10   33 19875.00000 45500.00000     0.00000       0
   10   34 19875.00000 46900.00000     0.00000       0
   10   35 19875.00000 48300.00000     0.00000       0
   10   36 19875.00000 49700.00000     0.00000       0
   10   37 19875.00000 51100.00000     0.00000       0
   10   38 19875.00000 52500.00000     0.00000       0
   10   39 19875.00000 53900.00000     0.00000       0
   10   40 19875.00000 55300.00000     0.00000       0
   10   41 19875.00000 56700.00000     0.00000       0
   10   42 19875.00000 58100.00000     0.00000       0
   10   43 19875.00000 59500.00000     0.00000       0
   10   44 19875.00000 60900.00000     0.00000       0
   10   45 19875.00000 62300.00000     0.00000       0
   10   46 19875.00000 63700.00000     0.00000       0
   10   47 19875.00000 65100.00000     0.00000       0
   10   48 19875.00000 66500.00000     0.00000       0
   10   49 19875.00000 67900.00000     0.00000       0
   10   50 19875.00000 69300.00000     0.00000       0
   11    1 19625.00000   700.00000     0.31752      36
   11    2 19625.00000  2100.00000     0.31344      64
   11    3 19625.00000  3500.00000     0.30777     127
   11    4 19625.00000  4900.00000     0.30519     186
   11    5 19625.00000  6300.00000     0.29703     282
   11    6 19625.00000  7700.00000     0.29560     284
   11    7 19625.00000  9100.00000     0.29118     442
   11    8 19625.00000 10500.00000     0.28762     349
   11    9 19625.00000 11900.00000     0.28338     481
   11   10 19625.00000 13300.00000     0.27806     610
   11   11 19625.00000 14700.00000     0.26456     675
   11   12 19625.00000 16100.00000     0.25022     758
   11   13 19625.00000 17500.00000     0.24549     910
   11   14 19625.00000 18900.00000     0.23415     900
   11   15 19625.00000 20300.00000     0.23532    1155
   11   16 19625.00000 21700.00000     0.23656    1010
   11   17 19625.00000 23100.00000     0.24236    1239
   11   18 19625.00000 24500.00000     0.26755    1072
   11   19 19625.00000 25900.00000     0.27212     974
   11   20 19625.00000 27300.00000     0.28486     662
   11   21 19625.00000 28700.00000     0.30024     173
   11   22 19625.00000 30100.00000     0.26297       1
   11   23 19625.00000 31500.00000     0.00000       0
   11   24 19625.00000 32900.00000     0.00000       0
   11   25 19625.00000 34300.00000     0.00000       0
   11   26 19625.00000 35700.00000     0.00000       0
   11   27 19625.00000 37100.00000     0.00000       0
   11   28 19625.00000 38500.00000     0.00000       0
   11   29 19625.00000 39900.00000     0.00000       0
   11   30 19625.00000 41300.00000     0.00000       0
   11   31 19625.00000 42700.00000     0.00000       0
   11   32 19625.00000 44100.00000     0.00000       0
   11   33 19625.00000 45500.00000     0.00000       0
   11   34 19625.00000 46900.00000     0.00000       0
   11   35 19625.00000 48300.00000     0.00000       0
   11   36 19625.00000 49700.00000     0.00000       0
   11   37 19625.00000 51100.00000     0.00000       0
   11   38 19625.00000 52500.00000     0.00000       0
   11   39 19625.00000 53900.00000     0.00000       0
   11   40 19625.00000 55300.00000     0.00000       0
   11   41 19625.00000 56700.00000     0.00000       0
   11   42 19625.00000 58100.00000     0.00000       0
   11   43 19625.00000 59500.00000     0.00000       0
   11   44 19625.00000 60900.00000     0.00000       0
   11   45 19625.00000 62300.00000     0.00000       0
   11   46 19625.00000 63700.00000     0.00000       0
   11   47 19625.00000 65100.00000     0.00000       0
   11   48 19625.00000 66500.00000     0.00000       0
   11   49 19625.00000 67900.00000     0.00000       0
   11   50 19625.00000 69300.00000     0.00000       0
   12    1 19375.00000   700.00000     0.31290      38
   12    2 19375.00000  2100.00000     0.30347      73
   12    3 19375.00000  3500.00000     0.30167     135
   12    4 19375.00000  4900.00000     0.29574     221
   12    5 19375.00000  6300.00000     0.29549     293
   12    6 19375.00000  7700.00000     0.28966     303
   12    7 19375.00000  9100.00000     0.28815     478
   12    8 19375.00000 10500.00000     0.27943     381
   12    9 19375.00000 11900.00000     0.27759     546
   12   10 19375.00000 13300.00000     0.26847     689
   12   11 19375.00000 14700.00000     0.25459     726
   12   12 19375.00000 16100.00000     0.24259     855
   12   13 19375.00000 17500.00000     0.23681    1008
   12   14 19375.00000 18900.00000     0.22843     989
   12   15 19375.00000 20300.00000     0.22909    1231
   12   16 19375.00000 21700.00000     0.23500    1130
   12   17 19375.00000 23100.00000     0.24047    1299
   12   18 19375.00000 24500.00000     0.27036    1118
   12   19 19375.00000 25900.00000     0.27178    1057
   12   20 19375.00000 27300.00000     0.29034     560
   12   21 19375.00000 28700.00000     0.30786     100
   12   22 19375.00000 30100.00000     0.00000       0
   12   23 19375.00000 31500.00000     0.00000       0
   12   24 19375.00000 32900.00000     0.00000       0
   12   25 19375.00000 34300.00000     0.00000       0
   12   26 19375.00000 35700.00000     0.00000       0
   12   27 19375.00000 37100.00000     0.00000       0
   12   28 19375.00000 38500.00000     0.00000       0
   12   29 19375.00000 39900.00000     0.00000       0
   12   30 19375.00000 41300.00000     0.00000       0
   12   31 19375.00000 42700.00000     0.00000       0
   12   32 19375.00000 44100.00000     0.00000       0
   12   33 19375.00000 45500.00000     0.00000       0
   12   34 19375.00000 46900.00000     0.00000       0
   12   35 19375.00000 48300.00000     0.00000       0
   12   36 19375.00000 49700.00000     0.00000       0
   12   37 19375.00000 51100.00000     0.00000       0
   12   38 19375.00000 52500.00000     0.00000       0
   12   39 19375.00000 53900.00000     0.00000       0
   12   40 19375.00000 55300.00000     0.00000       0
   12   41 19375.00000 56700.00000     0.00000       0
   12   42 19375.00000 58100.00000     0.00000       0
   12   43 19375.00000 59500.00000     0.00000       0
   12   44 19375.00000 60900.00000     0.00000       0
   12   45 19375.00000 62300.00000     0.00000       0
   12   46 19375.00000 63700.00000     0.00000       0
   12   47 19375.00000 65100.00000     0.00000       0
   12   48 19375.00000 66500.00000     0.00000       0
   12   49 19375.00000 67900.00000     0.00000       0
   12   50 19375.00000 69300.00000     0.00000       0
   13    1 19125.00000   700.00000     0.30065      37
   13    2 19125.00000  2100.00000     0.29792      53
   13    3 19125.00000  3500.00000     0.29498     105
   13    4 19125.00000  4900.00000     0.29179     182
   13    5 19125.00000  6300.00000     0.28832     227
   13    6 19125.00000  7700.00000     0.28218     273
   13    7 19125.00000  9100.00000     0.28064     367
   13    8 19125.00000 10500.00000     0.27249     332
   13    9 19125.00000 11900.00000     0.26962     438
   13   10 19125.00000 13300.00000     0.25692     598
   13   11 19125.00000 14700.00000     0.24609     572
   13   12 19125.00000 16100.00000     0.23446     759
   13   13 19125.00000 17500.00000     0.23007     731
   13   14 19125.00000 18900.00000     0.22549     876
   13   15 19125.00000 20300.00000     0.22373     931
   13   16 19125.00000 21700.00000     0.23467     919
   13   17 19125.00000 23100.00000     0.24236    1054
   13   18 19125.00000 24500.00000     0.27275     874
   13   19 19125.00000 25900.00000     0.27444     810
   13   20 19125.00000 27300.00000     0.29180     334
   13   21 19125.00000 28700.00000     0.31280      28
   13   22 19125.00000 30100.00000     0.00000       0
   13   23 19125.00000 31500.00000     0.00000       0
   13   24 19125.00000 32900.00000     0.00000       0
   13   25 19125.00000 34300.00000     0.00000       0
   13   26 19125.00000 35700.00000     0.00000       0
   13   27 19125.00000 37100.00000     0.00000       0
   13   28 19125.00000 38500.00000     0.00000       0
   13   29 19125.00000 39900.00000     0.00000       0
   13   30 19125.00000 41300.00000     0.00000       0
   13   31 19125.00000 42700.00000     0.00000       0
   13   32 19125.00000 44100.00000     0.00000       0
   13   33 19125.00000 45500.00000     0.00000       0
   13   34 19125.00000 46900.00000     0.00000       0
   13   35 19125.00000 48300.00000     0.00000       0
   13   36 19125.00000 49700.00000     0.00000       0
   13   37 19125.00000 51100.00000     0.00000       0
   13   38 19125.00000 52500.00000     0.00000       0
   13   39 19125.00000 53900.00000     0.00000       0
   13   40 19125.00000 55300.00000     0.00000       0
   13   41 19125.00000 56700.00000     0.00000       0
   13   42 19125.00000 58100.00000     0.00000       0
   13   43 19125.00000 59500.00000     0.00000       0
   13   44 19125.00000 60900.00000     0.00000       0
   13   45 19125.00000 62300.00000     0.00000       0
   13   46 19125.00000 63700.00000     0.00000       0
   13   47 19125.00000 65100.00000     0.00000       0
   13   48 19125.00000 66500.00000     0.00000       0
   13   49 19125.00000 67900.00000     0.00000       0
   13   50 19125.00000 69300.00000     0.00000       0
   14    1 18875.00000   700.00000     0.30381      39
   14    2 18875.00000  2100.00000     0.29017      67
   14    3 18875.00000  3500.00000     0.28713     120
   14    4 18875.00000  4900.00000     0.28727     245
   14    5 18875.00000  6300.00000     0.28037     254
   14    6 18875.00000  7700.00000     0.27442     341
   14    7 18875.00000  9100.00000     0.27338     407
   14    8 18875.00000 10500.00000     0.26328     446
   14    9 18875.00000 11900.00000     0.25839     510
   14   10 18875.00000 13300.00000     0.24768     715
   14   11 18875.00000 14700.00000     0.23791     659
   14   12 18875.00000 16100.00000     0.22884     930
   14   13 18875.00000 17500.00000     0.22377     850
   14   14 18875.00000 18900.00000     0.22184    1120
   14   15 18875.00000 20300.00000     0.22223     993
   14   16 18875.00000 21700.00000     0.23284    1181
   14   17 18875.00000 23100.00000     0.24638    1116
   14   18 18875.00000 24500.00000     0.27138    1093
   14   19 18875.00000 25900.00000     0.27953     856
   14   20 18875.00000 27300.00000     0.29287     233
   14   21 18875.00000 28700.00000     0.30604       5
   14   22 18875.00000 30100.00000     0.00000       0
   14   23 18875.00000 31500.00000     0.00000       0
   14   24 18875.00000 32900.00000     0.00000       0
   14   25 18875.00000 34300.00000     0.00000       0
   14   26 18875.00000 35700.00000     0.00000       0
   14   27 18875.00000 37100.00000     0.00000       0
   14   28 18875.00000 38500.00000     0.00000       0
   14   29 18875.00000 39900.00000     0.00000       0
   14   30 18875.00000 41300.00000     0.00000       0
   14   31 18875.00000 42700.00000     0.00000       0
   14   32 18875.00000 44100.00000     0.00000       0
   14   33 18875.00000 45500.00000     0.00000       0
   14   34 18875.00000 46900.00000     0.00000       0
   14   35 18875.00000 48300.00000     0.00000       0
   14   36 18875.00000 49700.00000     0.00000       0
   14   37 18875.00000 51100.00000     0.00000       0
   14   38 18875.00000 52500.00000     0.00000       0
   14   39 18875.00000 53900.00000     0.00000       0
   14   40 18875.00000 55300.00000     0.00000       0
   14   41 18875.00000 56700.00000     0.00000       0
   14   42 18875.00000 58100.00000     0.00000       0
   14   43 18875.00000 59500.00000     0.00000       0
   14   44 18875.00000 60900.00000     0.00000       0
   14   45 18875.00000 62300.00000     0.00000       0
   14   46 18875.00000 63700.00000     0.00000       0
   14   47 18875.00000 65100.00000     0.00000       0
   14   48 18875.00000 66500.00000     0.00000       0
   14   49 18875.00000 67900.00000     0.00000       0
   14   50 18875.00000 69300.00000     0.00000       0
   15    1 18625.00000   700.00000     0.29321      41
   15    2 18625.00000  2100.00000     0.29088      98
   15    3 18625.00000  3500.00000     0.28452     157
   15    4 18625.00000  4900.00000     0.28148     333
   15    5 18625.00000  6300.00000     0.27392     351
   15    6 18625.00000  7700.00000     0.26561     459
   15    7 18625.00000  9100.00000     0.26716     540
   15    8 18625.00000 10500.00000     0.25331     625
   15    9 18625.00000 11900.00000     0.24651     717
   15   10 18625.00000 13300.00000     0.23884     949
   15   11 18625.00000 14700.00000     0.22980     881
   15   12 18625.00000 16100.00000     0.22114    1269
   15   13 18625.00000 17500.00000     0.21797    1131
   15   14 18625.00000 18900.00000     0.21715    1510
   15   15 18625.00000 20300.00000     0.22030    1268
   15   16 18625.00000 21700.00000     0.23138    1645
   15   17 18625.00000 23100.00000     0.24990    1375
   15   18 18625.00000 24500.00000     0.27513    1506
   15   19 18625.00000 25900.00000     0.28205     922
   15   20 18625.00000 27300.00000     0.30167     179
   15   21 18625.00000 28700.00000     0.39386       4
   15   22 18625.00000 30100.00000     0.00000       0
   15   23 18625.00000 31500.00000     0.00000       0
   15   24 18625.00000 32900.00000     0.00000       0
   15   25 18625.00000 34300.00000     0.00000       0
   15   26 18625.00000 35700.00000     0.00000       0
   15   27 18625.00000 37100.00000     0.00000       0
   15   28 18625.00000 38500.00000     0.00000       0
   15   29 18625.00000 39900.00000     0.00000       0
   15   30 18625.00000 41300.00000     0.00000       0
   15   31 18625.00000 42700.00000     0.00000       0
   15   32 18625.00000 44100.00000     0.00000       0
   15   33 18625.00000 45500.00000     0.00000       0
   15   34 18625.00000 46900.00000     0.00000       0
   15   35 18625.00000 48300.00000     0.00000       0
   15   36 18625.00000 49700.00000     0.00000       0
   15   37 18625.00000 51100.00000     0.00000       0
   15   38 18625.00000 52500.00000     0.00000       0
   15   39 18625.00000 53900.00000     0.00000       0
   15   40 18625.00000 55300.00000     0.00000       0
   15   41 18625.00000 56700.00000     0.00000       0
   15   42 18625.00000 58100.00000     0.00000       0
   15   43 18625.00000 59500.00000     0.00000       0
   15   44 18625.00000 60900.00000     0.00000       0
   15   45 18625.00000 62300.00000     0.00000       0
   15   46 18625.00000 63700.00000     0.00000       0
   15   47 18625.00000 65100.00000     0.00000       0
   15   48 18625.00000 66500.00000     0.00000       0
   15   49 18625.00000 67900.00000     0.00000       0
   15   50 18625.00000 69300.00000     0.00000       0
   16    1 18375.00000   700.00000     0.28297      66
   16    2 18375.00000  2100.00000     0.27996     118
   16    3 18375.00000  3500.00000     0.27097     218
   16    4 18375.00000  4900.00000     0.27077     445
   16    5 18375.00000  6300.00000     0.26189     458
   16    6 18375.00000  7700.00000     0.25675     636
   16    7 18375.00000  9100.00000     0.25335     706
   16    8 18375.00000 10500.00000     0.24442     865
   16    9 18375.00000 11900.00000     0.23576     992
   16   10 18375.00000 13300.00000     0.23062    1208
   16   11 18375.00000 14700.00000     0.22147    1264
   16   12 18375.00000 16100.00000     0.21734    1578
   16   13 18375.00000 17500.00000     0.21321    1518
   16   14 18375.00000 18900.00000     0.21352    1881
   16   15 18375.00000 20300.00000     0.21967    1681
   16   16 18375.00000 21700.00000     0.22899    2158
   16   17 18375.00000 23100.00000     0.25442    1720
   16   18 18375.00000 24500.00000     0.27416    2015
   16   19 18375.00000 25900.00000     0.28682     925
   16   20 18375.00000 27300.00000     0.30577     127
   16   21 18375.00000 28700.00000     0.39367       1
   16   22 18375.00000 30100.00000     0.00000       0
   16   23 18375.00000 31500.00000     0.00000       0
   16   24 18375.00000 32900.00000     0.00000       0
   16   25 18375.00000 34300.00000     0.00000       0
   16   26 18375.00000 35700.00000     0.00000       0
   16   27 18375.00000 37100.00000     0.00000       0
   16   28 18375.00000 38500.00000     0.00000       0
   16   29 18375.00000 39900.00000     0.00000       0
   16   30 18375.00000 41300.00000     0.00000       0
   16   31 18375.00000 42700.00000     0.00000       0
   16   32 18375.00000 44100.00000     0.00000       0
   16   33 18375.00000 45500.00000     0.00000       0
   16   34 18375.00000 46900.00000     0.00000       0
   16   35 18375.00000 48300.00000     0.00000       0
   16   36 18375.00000 49700.00000     0.00000       0
   16   37 18375.00000 51100.00000     0.00000       0
   16   38 18375.00000 52500.00000     0.00000       0
   16   39 18375.00000 53900.00000     0.00000       0
   16   40 18375.00000 55300.00000     0.00000       0
   16   41 18375.00000 56700.00000     0.00000       0
   16   42 18375.00000 58100.00000     0.00000       0
   16   43 18375.00000 59500.00000     0.00000       0
   16   44 18375.00000 60900.00000     0.00000       0
   16   45 18375.00000 62300.00000     0.00000       0
   16   46 18375.00000 63700.00000     0.00000       0
   16   47 18375.00000 65100.00000     0.00000       0
   16   48 18375.00000 66500.00000     0.00000       0
   16   49 18375.00000 67900.00000     0.00000       0
   16   50 18375.00000 69300.00000     0.00000       0
   17    1 18125.00000   700.00000     0.26755      68
   17    2 18125.00000  2100.00000     0.27044     143
   17    3 18125.00000  3500.00000     0.26432     260
   17    4 18125.00000  4900.00000     0.26215     473
   17    5 18125.00000  6300.00000     0.25200     516
   17    6 18125.00000  7700.00000     0.24644     746
   17    7 18125.00000  9100.00000     0.23921     806
   17    8 18125.00000 10500.00000     0.23222     977
   17    9 18125.00000 11900.00000     0.22806    1208
   17   10 18125.00000 13300.00000     0.22211    1267
   17   11 18125.00000 14700.00000     0.21488    1522
   17   12 18125.00000 16100.00000     0.21123    1637
   17   13 18125.00000 17500.00000     0.20943    1795
   17   14 18125.00000 18900.00000     0.21030    1974
   17   15 18125.00000 20300.00000     0.21813    1911
   17   16 18125.00000 21700.00000     0.22951    2340
   17   17 18125.00000 23100.00000     0.25698    1863
   17   18 18125.00000 24500.00000     0.27590    2159
   17   19 18125.00000 25900.00000     0.28991     753
   17   20 18125.00000 27300.00000     0.31478      50
   17   21 18125.00000 28700.00000     0.39697       2
   17   22 18125.00000 30100.00000     0.00000       0
   17   23 18125.00000 31500.00000     0.00000       0
   17   24 18125.00000 32900.00000     0.00000       0
   17   25 18125.00000 34300.00000     0.00000       0
   17   26 18125.00000 35700.00000     0.00000       0
   17   27 18125.00000 37100.00000     0.00000       0
   17   28 18125.00000 38500.00000     0.00000       0
   17   29 18125.00000 39900.00000     0.00000       0
   17   30 18125.00000 41300.00000     0.00000       0
   17   31 18125.00000 42700.00000     0.00000       0
   17   32 18125.00000 44100.00000     0.00000       0
   17   33 18125.00000 45500.00000     0.00000       0
   17   34 18125.00000 46900.00000     0.00000       0
   17   35 18125.00000 48300.00000     0.00000       0
   17   36 18125.00000 49700.00000     0.00000       0
   17   37 18125.00000 51100.00000     0.00000       0
   17   38 18125.00000 52500.00000     0.00000       0
   17   39 18125.00000 53900.00000     0.00000       0
   17   40 18125.00000 55300.00000     0.00000       0
   17   41 18125.00000 56700.00000     0.00000       0
   17   42 18125.00000 58100.00000     0.00000       0
   17   43 18125.00000 59500.00000     0.00000       0
   17   44 18125.00000 60900.00000     0.00000       0
   17   45 18125.00000 62300.00000     0.00000       0
   17   46 18125.00000 63700.00000     0.00000       0
   17   47 18125.00000 65100.00000     0.00000       0
   17   48 18125.00000 66500.00000     0.00000       0
   17   49 18125.00000 67900.00000     0.00000       0
   17   50 18125.00000 69300.00000     0.00000       0
   18    1 17875.00000   700.00000     0.26069      70
   18    2 17875.00000  2100.00000     0.25859     200
   18    3 17875.00000  3500.00000     0.25361     325
   18    4 17875.00000  4900.00000     0.24704     537
   18    5 17875.00000  6300.00000     0.23860     663
   18    6 17875.00000  7700.00000     0.23438     880
   18    7 17875.00000  9100.00000     0.22697     971
   18    8 17875.00000 10500.00000     0.22184    1153
   18    9 17875.00000 11900.00000     0.21615    1478
   18   10 17875.00000 13300.00000     0.21200    1506
   18   11 17875.00000 14700.00000     0.20784    1770
   18   12 17875.00000 16100.00000     0.20533    1947
   18   13 17875.00000 17500.00000     0.20398    2151
   18   14 17875.00000 18900.00000     0.20582    2315
   18   15 17875.00000 20300.00000     0.21702    2332
   18   16 17875.00000 21700.00000     0.23025    2615
   18   17 17875.00000 23100.00000     0.26237    2264
   18   18 17875.00000 24500.00000     0.27796    2247
   18   19 17875.00000 25900.00000     0.29738     600
   18   20 17875.00000 27300.00000     0.35435      16
   18   21 17875.00000 28700.00000     0.00000       0
   18   22 17875.00000 30100.00000     0.00000       0
   18   23 17875.00000 31500.00000     0.00000       0
   18   24 17875.00000 32900.00000     0.00000       0
   18   25 17875.00000 34300.00000     0.00000       0
   18   26 17875.00000 35700.00000     0.00000       0
   18   27 17875.00000 37100.00000     0.00000       0
   18   28 17875.00000 38500.00000     0.00000       0
   18   29 17875.00000 39900.00000     0.00000       0
   18   30 17875.00000 41300.00000     0.00000       0
   18   31 17875.00000 42700.00000     0.00000       0
   18   32 17875.00000 44100.00000     0.00000       0
   18   33 17875.00000 45500.00000     0.00000       0
   18   34 17875.00000 46900.00000     0.00000       0
   18   35 17875.00000 48300.00000     0.00000       0
   18   36 17875.00000 49700.00000     0.00000       0
   18   37 17875.00000 51100.00000     0.00000       0
   18   38 17875.00000 52500.00000     0.00000       0
   18   39 17875.00000 53900.00000     0.00000       0
   18   40 17875.00000 55300.00000     0.00000       0
   18   41 17875.00000 56700.00000     0.00000       0
   18   42 17875.00000 58100.00000     0.00000       0
   18   43 17875.00000 59500.00000     0.00000       0
   18   44 17875.00000 60900.00000     0.00000       0
   18   45 17875.00000 62300.00000     0.00000       0
   18   46 17875.00000 63700.00000     0.00000       0
   18   47 17875.00000 65100.00000     0.00000       0
   18   48 17875.00000 66500.00000     0.00000       0
   18   49 17875.00000 67900.00000     0.00000       0
   18   50 17875.00000 69300.00000     0.00000       0
   19    1 17625.00000   700.00000     0.24306      92
   19    2 17625.00000  2100.00000     0.24040     231
   19    3 17625.00000  3500.00000     0.23597     443
   19    4 17625.00000  4900.00000     0.22800     673
   19    5 17625.00000  6300.00000     0.22533     773
   19    6 17625.00000  7700.00000     0.22169    1082
   19    7 17625.00000  9100.00000     0.21424    1167
   19    8 17625.00000 10500.00000     0.21123    1449
   19    9 17625.00000 11900.00000     0.20707    1735
   19   10 17625.00000 13300.00000     0.20272    1757
   19   11 17625.00000 14700.00000     0.20058    2177
   19   12 17625.00000 16100.00000     0.19829    2225
   19   13 17625.00000 17500.00000     0.19987    2667
   19   14 17625.00000 18900.00000     0.20419    2649
   19   15 17625.00000 20300.00000     0.21461    2916
   19   16 17625.00000 21700.00000     0.23080    2871
   19   17 17625.00000 23100.00000     0.26379    2854
   19   18 17625.00000 24500.00000     0.28257    2255
   19   19 17625.00000 25900.00000     0.30423     434
   19   20 17625.00000 27300.00000     0.00000       0
   19   21 17625.00000 28700.00000     0.00000       0
   19   22 17625.00000 30100.00000     0.00000       0
   19   23 17625.00000 31500.00000     0.00000       0
   19   24 17625.00000 32900.00000     0.00000       0
   19   25 17625.00000 34300.00000     0.00000       0
   19   26 17625.00000 35700.00000     0.00000       0
   19   27 17625.00000 37100.00000     0.00000       0
   19   28 17625.00000 38500.00000     0.00000       0
   19   29 17625.00000 39900.00000     0.00000       0
   19   30 17625.00000 41300.00000     0.00000       0
   19   31 17625.00000 42700.00000     0.00000       0
   19   32 17625.00000 44100.00000     0.00000       0
   19   33 17625.00000 45500.00000     0.00000       0
   19   34 17625.00000 46900.00000     0.00000       0
   19   35 17625.00000 48300.00000     0.00000       0
   19   36 17625.00000 49700.00000     0.00000       0
   19   37 17625.00000 51100.00000     0.00000       0
   19   38 17625.00000 52500.00000     0.00000       0
   19   39 17625.00000 53900.00000     0.00000       0
   19   40 17625.00000 55300.00000     0.00000       0
   19   41 17625.00000 56700.00000     0.00000       0
   19   42 17625.00000 58100.00000     0.00000       0
   19   43 17625.00000 59500.00000     0.00000       0
   19   44 17625.00000 60900.00000     0.00000       0
   19   45 17625.00000 62300.00000     0.00000       0
   19   46 17625.00000 63700.00000     0.00000       0
   19   47 17625.00000 65100.00000     0.00000       0
   19   48 17625.00000 66500.00000     0.00000       0
   19   49 17625.00000 67900.00000     0.00000       0
   19   50 17625.00000 69300.00000     0.00000       0
   20    1 17375.00000   700.00000     0.22392      93
   20    2 17375.00000  2100.00000     0.21794     326
   20    3 17375.00000  3500.00000     0.21394     514
   20    4 17375.00000  4900.00000     0.21257     882
   20    5 17375.00000  6300.00000     0.21002     876
   20    6 17375.00000  7700.00000     0.20651    1339
   20    7 17375.00000  9100.00000     0.20479    1329
   20    8 17375.00000 10500.00000     0.20012    1772
   20    9 17375.00000 11900.00000     0.19815    1943
   20   10 17375.00000 13300.00000     0.19208    2206
   20   11 17375.00000 14700.00000     0.19386    2546
   20   12 17375.00000 16100.00000     0.19047    2695
   20   13 17375.00000 17500.00000     0.19507    2972
   20   14 17375.00000 18900.00000     0.19973    3158
   20   15 17375.00000 20300.00000     0.21327    3551
   20   16 17375.00000 21700.00000     0.23261    3082
   20   17 17375.00000 23100.00000     0.26480    3473
   20   18 17375.00000 24500.00000     0.28559    2101
   20   19 17375.00000 25900.00000     0.31204     212
   20   20 17375.00000 27300.00000     0.00000       0
   20   21 17375.00000 28700.00000     0.00000       0
   20   22 17375.00000 30100.00000     0.00000       0
   20   23 17375.00000 31500.00000     0.00000       0
   20   24 17375.00000 32900.00000     0.00000       0
   20   25 17375.00000 34300.00000     0.00000       0
   20   26 17375.00000 35700.00000     0.00000       0
   20   27 17375.00000 37100.00000     0.00000       0
   20   28 17375.00000 38500.00000     0.00000       0
   20   29 17375.00000 39900.00000     0.00000       0
   20   30 17375.00000 41300.00000     0.00000       0
   20   31 17375.00000 42700.00000     0.00000       0
   20   32 17375.00000 44100.00000     0.00000       0
   20   33 17375.00000 45500.00000     0.00000       0
   20   34 17375.00000 46900.00000     0.00000       0
   20   35 17375.00000 48300.00000     0.00000       0
   20   36 17375.00000 49700.00000     0.00000       0
   20   37 17375.00000 51100.00000     0.00000       0
   20   38 17375.00000 52500.00000     0.00000       0
   20   39 17375.00000 53900.00000     0.00000       0
   20   40 17375.00000 55300.00000     0.00000       0
   20   41 17375.00000 56700.00000     0.00000       0
   20   42 17375.00000 58100.00000     0.00000       0
   20   43 17375.00000 59500.00000     0.00000       0
   20   44 17375.00000 60900.00000     0.00000       0
   20   45 17375.00000 62300.00000     0.00000       0
   20   46 17375.00000 63700.00000     0.00000       0
   20   47 17375.00000 65100.00000     0.00000       0
   20   48 17375.00000 66500.00000     0.00000       0
   20   49 17375.00000 67900.00000     0.00000       0
   20   50 17375.00000 69300.00000     0.00000       0
   21    1 17125.00000   700.00000     0.20805      59
   21    2 17125.00000  2100.00000     0.19851     222
   21    3 17125.00000  3500.00000     0.19420     334
   21    4 17125.00000  4900.00000     0.19465     539
   21    5 17125.00000  6300.00000     0.19232     618
   21    6 17125.00000  7700.00000     0.19289     856
   21    7 17125.00000  9100.00000     0.19047     895
   21    8 17125.00000 10500.00000     0.18767    1125
   21    9 17125.00000 11900.00000     0.18712    1270
   21   10 17125.00000 13300.00000     0.18350    1417
   21   11 17125.00000 14700.00000     0.18600    1591
   21   12 17125.00000 16100.00000     0.18654    1701
   21   13 17125.00000 17500.00000     0.19040    1893
   21   14 17125.00000 18900.00000     0.19825    1919
   21   15 17125.00000 20300.00000     0.21122    2272
   21   16 17125.00000 21700.00000     0.23635    1900
   21   17 17125.00000 23100.00000     0.26943    2239
   21   18 17125.00000 24500.00000     0.29151     941
   21   19 17125.00000 25900.00000     0.32679      49
   21   20 17125.00000 27300.00000     0.00000       0
   21   21 17125.00000 28700.00000     0.00000       0
   21   22 17125.00000 30100.00000     0.00000       0
   21   23 17125.00000 31500.00000     0.00000       0
   21   24 17125.00000 32900.00000     0.00000       0
   21   25 17125.00000 34300.00000     0.00000       0
   21   26 17125.00000 35700.00000     0.00000       0
   21   27 17125.00000 37100.00000     0.00000       0
   21   28 17125.00000 38500.00000     0.00000       0
   21   29 17125.00000 39900.00000     0.00000       0
   21   30 17125.00000 41300.00000     0.00000       0
   21   31 17125.00000 42700.00000     0.00000       0
   21   32 17125.00000 44100.00000     0.00000       0
   21   33 17125.00000 45500.00000     0.00000       0
   21   34 17125.00000 46900.00000     0.00000       0
   21   35 17125.00000 48300.00000     0.00000       0
   21   36 17125.00000 49700.00000     0.00000       0
   21   37 17125.00000 51100.00000     0.00000       0
   21   38 17125.00000 52500.00000     0.00000       0
   21   39 17125.00000 53900.00000     0.00000       0
   21   40 17125.00000 55300.00000     0.00000       0
   21   41 17125.00000 56700.00000     0.00000       0
   21   42 17125.00000 58100.00000     0.00000       0
   21   43 17125.00000 59500.00000     0.00000       0
   21   44 17125.00000 60900.00000     0.00000       0
   21   45 17125.00000 62300.00000     0.00000       0
   21   46 17125.00000 63700.00000     0.00000       0
   21   47 17125.00000 65100.00000     0.00000       0
   21   48 17125.00000 66500.00000     0.00000       0
   21   49 17125.00000 67900.00000     0.00000       0
   21   50 17125.00000 69300.00000     0.00000       0
   22    1 16875.00000   700.00000     0.18298     167
   22    2 16875.00000  2100.00000     0.17882     422
   22    3 16875.00000  3500.00000     0.17626     791
   22    4 16875.00000  4900.00000     0.17630    1050
   22    5 16875.00000  6300.00000     0.17430    1379
   22    6 16875.00000  7700.00000     0.17793    1712
   22    7 16875.00000  9100.00000     0.17600    2008
   22    8 16875.00000 10500.00000     0.17476    2329
   22    9 16875.00000 11900.00000     0.17574    2677
   22   10 16875.00000 13300.00000     0.17359    2917
   22   11 16875.00000 14700.00000     0.17725    3345
   22   12 16875.00000 16100.00000     0.17910    3463
   22   13 16875.00000 17500.00000     0.18572    3992
   22   14 16875.00000 18900.00000     0.19395    3848
   22   15 16875.00000 20300.00000     0.20964    4558
   22   16 16875.00000 21700.00000     0.23741    3966
   22   17 16875.00000 23100.00000     0.27102    4423
   22   18 16875.00000 24500.00000     0.29584    1241
   22   19 16875.00000 25900.00000     0.33455      22
   22   20 16875.00000 27300.00000     0.00000       0
   22   21 16875.00000 28700.00000     0.00000       0
   22   22 16875.00000 30100.00000     0.00000       0
   22   23 16875.00000 31500.00000     0.00000       0
   22   24 16875.00000 32900.00000     0.00000       0
   22   25 16875.00000 34300.00000     0.00000       0
   22   26 16875.00000 35700.00000     0.00000       0
   22   27 16875.00000 37100.00000     0.00000       0
   22   28 16875.00000 38500.00000     0.00000       0
   22   29 16875.00000 39900.00000     0.00000       0
   22   30 16875.00000 41300.00000     0.00000       0
   22   31 16875.00000 42700.00000     0.00000       0
   22   32 16875.00000 44100.00000     0.00000       0
   22   33 16875.00000 45500.00000     0.00000       0
   22   34 16875.00000 46900.00000     0.00000       0
   22   35 16875.00000 48300.00000     0.00000       0
   22   36 16875.00000 49700.00000     0.00000       0
   22   37 16875.00000 51100.00000     0.00000       0
   22   38 16875.00000 52500.00000     0.00000       0
   22   39 16875.00000 53900.00000     0.00000       0
   22   40 16875.00000 55300.00000     0.00000       0
   22   41 16875.00000 56700.00000     0.00000       0
   22   42 16875.00000 58100.00000     0.00000       0
   22   43 16875.00000 59500.00000     0.00000       0
   22   44 16875.00000 60900.00000     0.00000       0
   22   45 16875.00000 62300.00000     0.00000       0
   22   46 16875.00000 63700.00000     0.00000       0
   22   47 16875.00000 65100.00000     0.00000       0
   22   48 16875.00000 66500.00000     0.00000       0
   22   49 16875.00000 67900.00000     0.00000       0
   22   50 16875.00000 69300.00000     0.00000       0
   23    1 16625.00000   700.00000     0.16195    1833
   23    2 16625.00000  2100.00000     0.16442    4753
   23    3 16625.00000  3500.00000     0.16412    8979
   23    4 16625.00000  4900.00000     0.16089   10846
   23    5 16625.00000  6300.00000     0.16358   16025
   23    6 16625.00000  7700.00000     0.16248   17927
   23    7 16625.00000  9100.00000     0.16125   23028
   23    8 16625.00000 10500.00000     0.16172   24544
   23    9 16625.00000 11900.00000     0.16191   30352
   23   10 16625.00000 13300.00000     0.16484   31366
   23   11 16625.00000 14700.00000     0.16675   37062
   23   12 16625.00000 16100.00000     0.17151   38127
   23   13 16625.00000 17500.00000     0.17804   43693
   23   14 16625.00000 18900.00000     0.18872   43613
   23   15 16625.00000 20300.00000     0.20753   47712
   23   16 16625.00000 21700.00000     0.24075   44510
   23   17 16625.00000 23100.00000     0.27543   40631
   23   18 16625.00000 24500.00000     0.30017    7055
   23   19 16625.00000 25900.00000     0.35783      24
   23   20 16625.00000 27300.00000     0.00000       0
   23   21 16625.00000 28700.00000     0.00000       0
   23   22 16625.00000 30100.00000     0.00000       0
   23   23 16625.00000 31500.00000     0.00000       0
   23   24 16625.00000 32900.00000     0.00000       0
   23   25 16625.00000 34300.00000     0.00000       0
   23   26 16625.00000 35700.00000     0.00000       0
   23   27 16625.00000 37100.00000     0.00000       0
   23   28 16625.00000 38500.00000     0.00000       0
   23   29 16625.00000 39900.00000     0.00000       0
   23   30 16625.00000 41300.00000     0.00000       0
   23   31 16625.00000 42700.00000     0.00000       0
   23   32 16625.00000 44100.00000     0.00000       0
   23   33 16625.00000 45500.00000     0.00000       0
   23   34 16625.00000 46900.00000     0.00000       0
   23   35 16625.00000 48300.00000     0.00000       0
   23   36 16625.00000 49700.00000     0.00000       0
   23   37 16625.00000 51100.00000     0.00000       0
   23   38 16625.00000 52500.00000     0.00000       0
   23   39 16625.00000 53900.00000     0.00000       0
   23   40 16625.00000 55300.00000     0.00000       0
   23   41 16625.00000 56700.00000     0.00000       0
   23   42 16625.00000 58100.00000     0.00000       0
   23   43 16625.00000 59500.00000     0.00000       0
   23   44 16625.00000 60900.00000     0.00000       0
   23   45 16625.00000 62300.00000     0.00000       0
   23   46 16625.00000 63700.00000     0.00000       0
   23   47 16625.00000 65100.00000     0.00000       0
   23   48 16625.00000 66500.00000     0.00000       0
   23   49 16625.00000 67900.00000     0.00000       0
   23   50 16625.00000 69300.00000     0.00000       0
   24    1 16375.00000   700.00000     0.14800    7710
   24    2 16375.00000  2100.00000     0.14791   23905
   24    3 16375.00000  3500.00000     0.14976   40762
   24    4 16375.00000  4900.00000     0.14858   54633
   24    5 16375.00000  6300.00000     0.15078   72891
   24    6 16375.00000  7700.00000     0.15093   87182
   24    7 16375.00000  9100.00000     0.15198  105287
   24    8 16375.00000 10500.00000     0.15317  117984
   24    9 16375.00000 11900.00000     0.15463  139370
   24   10 16375.00000 13300.00000     0.15740  147594
   24   11 16375.00000 14700.00000     0.16026  170499
   24   12 16375.00000 16100.00000     0.16554  177440
   24   13 16375.00000 17500.00000     0.17281  196380
   24   14 16375.00000 18900.00000     0.18468  205694
   24   15 16375.00000 20300.00000     0.20585  210289
   24   16 16375.00000 21700.00000     0.24204  213056
   24   17 16375.00000 23100.00000     0.27640  145290
   24   18 16375.00000 24500.00000     0.30305   21979
   24   19 16375.00000 25900.00000     0.30914    1115
   24   20 16375.00000 27300.00000     0.00000       0
   24   21 16375.00000 28700.00000     0.00000       0
   24   22 16375.00000 30100.00000     0.00000       0
   24   23 16375.00000 31500.00000     0.00000       0
   24   24 16375.00000 32900.00000     0.00000       0
   24   25 16375.00000 34300.00000     0.00000       0
   24   26 16375.00000 35700.00000     0.00000       0
   24   27 16375.00000 37100.00000     0.00000       0
   24   28 16375.00000 38500.00000     0.00000       0
   24   29 16375.00000 39900.00000     0.00000       0
   24   30 16375.00000 41300.00000     0.00000       0
   24   31 16375.00000 42700.00000     0.00000       0
   24   32 16375.00000 44100.00000     0.00000       0
   24   33 16375.00000 45500.00000     0.00000       0
   24   34 16375.00000 46900.00000     0.00000       0
   24   35 16375.00000 48300.00000     0.00000       0
   24   36 16375.00000 49700.00000     0.00000       0
   24   37 16375.00000 51100.00000     0.00000       0
   24   38 16375.00000 52500.00000     0.00000       0
   24   39 16375.00000 53900.00000     0.00000       0
   24   40 16375.00000 55300.00000     0.00000       0
   24   41 16375.00000 56700.00000     0.00000       0
   24   42 16375.00000 58100.00000     0.00000       0
   24   43 16375.00000 59500.00000     0.00000       0
   24   44 16375.00000 60900.00000     0.00000       0
   24   45 16375.00000 62300.00000     0.00000       0
   24   46 16375.00000 63700.00000     0.00000       0
   24   47 16375.00000 65100.00000     0.00000       0
   24   48 16375.00000 66500.00000     0.00000       0
   24   49 16375.00000 67900.00000     0.00000       0
   24   50 16375.00000 69300.00000     0.00000       0
   25    1 16125.00000   700.00000     0.14390    1378
   25    2 16125.00000  2100.00000     0.14390    4061
   25    3 16125.00000  3500.00000     0.14436    7070
   25    4 16125.00000  4900.00000     0.14476    9966
   25    5 16125.00000  6300.00000     0.14506   12445
   25    6 16125.00000  7700.00000     0.14597   17147
   25    7 16125.00000  9100.00000     0.14693   16646
   25    8 16125.00000 10500.00000     0.14846   23892
   25    9 16125.00000 11900.00000     0.14984   21896
   25   10 16125.00000 13300.00000     0.15272   28726
   25   11 16125.00000 14700.00000     0.15565   27332
   25   12 16125.00000 16100.00000     0.16080   33226
   25   13 16125.00000 17500.00000     0.16801   32149
   25   14 16125.00000 18900.00000     0.18046   38333
   25   15 16125.00000 20300.00000     0.20271   34896
   25   16 16125.00000 21700.00000     0.24045   39478
   25   17 16125.00000 23100.00000     0.27267   21748
   25   18 16125.00000 24500.00000     0.30441    2142
   25   19 16125.00000 25900.00000     0.30098     429
   25   20 16125.00000 27300.00000     0.00000       0
   25   21 16125.00000 28700.00000     0.00000       0
   25   22 16125.00000 30100.00000     0.00000       0
   25   23 16125.00000 31500.00000     0.00000       0
   25   24 16125.00000 32900.00000     0.00000       0
   25   25 16125.00000 34300.00000     0.00000       0
   25   26 16125.00000 35700.00000     0.00000       0
   25   27 16125.00000 37100.00000     0.00000       0
   25   28 16125.00000 38500.00000     0.00000       0
   25   29 16125.00000 39900.00000     0.00000       0
   25   30 16125.00000 41300.00000     0.00000       0
   25   31 16125.00000 42700.00000     0.00000       0
   25   32 16125.00000 44100.00000     0.00000       0
   25   33 16125.00000 45500.00000     0.00000       0
   25   34 16125.00000 46900.00000     0.00000       0
   25   35 16125.00000 48300.00000     0.00000       0
   25   36 16125.00000 49700.00000     0.00000       0
   25   37 16125.00000 51100.00000     0.00000       0
   25   38 16125.00000 52500.00000     0.00000       0
   25   39 16125.00000 53900.00000     0.00000       0
   25   40 16125.00000 55300.00000     0.00000       0
   25   41 16125.00000 56700.00000     0.00000       0
   25   42 16125.00000 58100.00000     0.00000       0
   25   43 16125.00000 59500.00000     0.00000       0
   25   44 16125.00000 60900.00000     0.00000       0
   25   45 16125.00000 62300.00000     0.00000       0
   25   46 16125.00000 63700.00000     0.00000       0
   25   47 16125.00000 65100.00000     0.00000       0
   25   48 16125.00000 66500.00000     0.00000       0
   25   49 16125.00000 67900.00000     0.00000       0
   25   50 16125.00000 69300.00000     0.00000       0
