0	0	0	
1	-0.985598	1.70711	0	
2	-0.985598	-1.70711	0	
3	0.985598	1.70711	0	
4	0.985598	-1.70711	0	
5	-1.92201	0	0	
6	1.92201	0	0	
7	0	3.41423	0	
8	0	-3.41423	0	
9	-2.95679	1.70711	0	
10	-2.95679	-1.70711	0	
11	2.95679	1.70711	0	
12	2.95679	-1.70711	0	
13	-1.97121	3.41423	0	
14	-1.97121	-3.41423	0	
15	1.97121	3.41423	0	
16	1.97121	-3.41423	0	
17	-3.84402	0	0	
18	3.84402	0	0	
19	-0.985604	5.12135	0	
20	0.985604	-5.12135	0	
21	0.985604	5.12135	0	
22	-0.985604	-5.12135	0	
23	-4.92799	-1.70711	0	
24	-3.94242	-3.41423	0	
25	3.94242	3.41423	0	
26	4.92799	1.70711	0	
27	-3.94242	3.41423	0	
28	3.94242	-3.41423	0	
29	-4.92799	1.70711	0	
30	4.92799	-1.70711	0	
31	-2.95681	5.12135	0	
32	-2.95681	-5.12135	0	
33	2.95681	5.12135	0	
34	2.95681	-5.12135	0	
35	-5.76602	0	0	
36	5.76602	0	0	
37	0	6.82847	0	
38	0	-6.82847	0	
39	-5.91363	3.41423	0	
40	-5.91363	-3.41423	0	
41	5.91363	3.41423	0	
42	5.91363	-3.41423	0	
43	-1.97121	6.82847	0	
44	1.97121	6.82847	0	
45	-1.97121	-6.82847	0	
46	1.97121	-6.82847	0	
47	-4.92802	5.12135	0	
48	-4.92802	-5.12135	0	
49	4.92802	5.12135	0	
50	4.92802	-5.12135	0	
51	-6.89919	1.70711	0	
52	-6.89919	-1.70711	0	
53	6.89919	1.70711	0	
54	6.89919	-1.70711	0	
55	-3.94242	6.82847	0	
56	-3.94242	-6.82847	0	
57	3.94242	6.82847	0	
58	3.94242	-6.82847	0	
59	-7.68803	0	0	
60	7.68803	0	0	
61	-0.985604	8.53559	0	
62	0.985604	8.53559	0	
63	-0.985604	-8.53559	0	
64	0.985604	-8.53559	0	
65	-6.89923	5.12135	0	
66	6.89923	-5.12135	0	
67	-7.88483	3.41423	0	
68	-7.88483	-3.41423	0	
69	-6.89923	-5.12135	0	
70	6.89923	5.12135	0	
71	7.88483	3.41423	0	
72	7.88483	-3.41423	0	
73	-2.95681	8.53559	0	
74	2.95681	8.53559	0	
75	-2.95681	-8.53559	0	
76	2.95681	-8.53559	0	
77	-5.91363	6.82847	0	
78	5.91363	-6.82847	0	
79	-8.87038	1.70711	0	
80	-8.87038	-1.70711	0	
81	8.87038	1.70711	0	
82	8.87038	-1.70711	0	
83	-5.91363	-6.82847	0	
84	5.91363	6.82847	0	
85	-4.92802	8.53559	0	
86	-4.92802	-8.53559	0	
87	4.92802	8.53559	0	
88	4.92802	-8.53559	0	
89	-9.61004	0	0	
90	9.61004	0	0	
91	0	10.2427	0	
92	0	-10.2427	0	
93	-8.87044	5.12135	0	
94	-8.87044	-5.12135	0	
95	8.87044	5.12135	0	
96	8.87044	-5.12135	0	
97	-1.97121	10.2427	0	
98	1.97121	-10.2427	0	
99	1.97121	10.2427	0	
