   1.0000000e+00  -1.2717600e+01  -5.9572100e+00   1.5372100e+00
   2.0000000e+00  -1.2758800e+01  -1.1428700e+01   1.9601200e-01
   3.0000000e+00  -1.5481300e+01  -8.2557200e+00   1.0331800e+00
   4.0000000e+00  -1.5963900e+01   8.6951400e-01   1.0665700e+00
   5.0000000e+00  -1.5329000e+01  -2.7812900e+00   2.2932800e+00
   6.0000000e+00  -1.1990000e+01  -3.9665500e+00   4.7393000e-01
   7.0000000e+00  -1.2588700e+01  -4.1447800e-01   1.2595700e+00
   8.0000000e+00  -1.7379200e+01  -3.0164600e+00   1.8534400e+00
   9.0000000e+00  -1.4887400e+01  -1.1857900e+01   1.0897900e-01
   1.0000000e+01  -1.6859000e+01  -6.6602100e+00   1.5810000e+00
   1.1000000e+01  -1.9247000e+01   2.3232700e+00   4.5586100e-01
   1.2000000e+01  -1.6411900e+01   6.9115900e+00   2.0072900e+00
   1.3000000e+01  -1.9810300e+01   4.6802200e+00  -1.6076300e-01
   1.4000000e+01  -1.5276600e+01   9.9382600e+00   9.7370700e-01
   1.5000000e+01  -1.6683300e+01  -1.0628000e+00  -1.4038500e-01
   1.6000000e+01  -1.1892900e+01   5.4453100e+00   1.3747100e+00
   1.7000000e+01  -1.2485500e+01   1.3015600e+01   2.5263000e+00
   1.8000000e+01  -1.3797400e+01   1.1398500e+01   1.3469300e+00
   1.9000000e+01  -1.1417400e+01  -1.3025800e+01   3.6963600e+00
   2.0000000e+01  -9.9490800e+00  -3.6037500e+00   1.0694600e+00
   2.1000000e+01  -1.0068400e+01  -1.4584700e+01   2.5194000e+00
   2.2000000e+01  -1.0638500e+01  -5.5510000e+00   5.2678100e-01
   2.3000000e+01  -7.1862800e+00  -1.2691200e+00   9.1022500e-01
   2.4000000e+01  -1.8170600e+01  -4.9543000e+00   8.8530100e-01
   2.5000000e+01  -1.6067000e+01  -4.7397700e+00   2.2358400e+00
   2.6000000e+01  -1.1875300e+01   1.5407100e+00   8.9357500e-01
   2.7000000e+01  -1.8024800e+01   6.1292600e-01   1.2074800e+00
   2.8000000e+01  -7.1150200e+00   4.1935000e+00   1.2476900e-01
   2.9000000e+01  -9.2528700e+00   4.3430300e+00  -4.3547400e-01
   3.0000000e+01  -8.9770300e+00   8.3670900e+00  -6.9160000e-01
   3.1000000e+01  -1.7761200e+01   5.3515400e+00   3.3967400e+00
   3.2000000e+01  -1.4017800e+01  -4.3714200e+00   1.9964300e+00
   3.3000000e+01  -1.3921200e+01   5.8266400e+00   5.1509500e-01
   3.4000000e+01  -1.4576400e+01   7.9156000e+00  -1.4321200e+00
   3.5000000e+01  -1.8722800e+01  -1.4325400e+00   1.1141400e+00
   3.6000000e+01  -8.2762600e+00   1.7577900e+01   5.9078200e-01
   3.7000000e+01  -7.9808600e+00  -8.7291000e+00   1.5605200e-01
   3.8000000e+01  -9.3981200e+00  -1.2646600e+01   1.8252500e+00
   3.9000000e+01  -8.8075500e+00  -1.6267800e+01   1.2177500e-01
   4.0000000e+01  -1.4162500e+01  -9.9064200e+00   1.5707100e-01
   4.1000000e+01  -1.0718800e+01  -1.1022100e+01   2.6401700e+00
   4.2000000e+01  -1.3283600e+01   3.6578200e+00  -2.6583600e-01
   4.3000000e+01  -8.6086900e+00  -5.1734600e+00   8.3965400e-01
   4.4000000e+01  -1.4744300e+01  -6.3350500e+00   2.9865600e+00
   4.5000000e+01  -1.1274200e+01  -2.0241700e+00  -1.9948000e-01
   4.6000000e+01  -1.3306400e+01  -2.3652200e+00   5.8229600e-01
   4.7000000e+01  -4.3935100e+00   6.5153800e+00   6.9724300e-01
   4.8000000e+01  -1.1081900e+01   8.8948600e+00   1.6572400e+00
   4.9000000e+01  -9.7080700e+00   1.0461100e+01  -6.0263600e-01
   5.0000000e+01  -1.5224100e+01   2.8046600e+00   5.4395000e-01
   5.1000000e+01  -1.0455000e+01   6.9310500e+00   1.8133000e+00
   5.2000000e+01  -4.2621900e+00   1.2005200e+01   1.4671700e+00
   5.3000000e+01  -5.6140500e+00   1.9064000e+01   2.2789400e+00
   5.4000000e+01  -1.0997200e+01   1.4474600e+01  -9.6332500e-01
   5.5000000e+01  -3.9480200e+00  -1.8940500e+01   2.7973000e+00
   5.6000000e+01  -1.3408100e+01  -7.9110800e+00   8.6547500e-01
   5.7000000e+01  -1.2085100e+01  -9.4805400e+00   1.1605400e+00
   5.8000000e+01  -4.5743400e+00  -1.5396100e+01   2.7229800e+00
   5.9000000e+01  -1.0557100e+01  -4.9968200e-02   7.0994400e-01
   6.0000000e+01  -5.9264200e+00  -8.3278300e+00   1.0117400e+00
   6.1000000e+01  -1.4636000e+01  -7.8198000e-01  -5.0858500e-02
   6.2000000e+01  -2.4954000e+00  -9.5691500e+00  -1.1809100e+00
   6.3000000e+01  -8.5187400e+00   3.1351600e-01   1.0183600e+00
   6.4000000e+01  -6.4838200e+00   6.7184200e-01   3.1088000e+00
   6.5000000e+01  -9.8373100e+00   1.9061100e+00  -3.8831400e-01
   6.6000000e+01  -1.5758700e+01   4.8145500e+00   1.9735300e+00
   6.7000000e+01  -4.4076300e+00   1.0253000e+00   4.6512900e-01
   6.8000000e+01  -8.4822800e+00   6.2755300e+00  -1.2297100e+00
   6.9000000e+01  -1.7273500e+01   2.9328300e+00   2.2813900e+00
   7.0000000e+01  -8.3086800e+00   1.2007500e+01  -4.4618100e-01
   7.1000000e+01  -1.2509400e+01   7.4125900e+00   1.5892400e+00
   7.2000000e+01   1.2442200e+00   1.6604800e+01  -2.8718900e-01
   7.3000000e+01  -1.3488600e+01  -1.3434200e+01   1.6163600e+00
   7.4000000e+01  -1.2113400e+01  -1.4970900e+01  -1.5232600e+00
   7.5000000e+01  -5.1728900e+00  -6.4135300e+00   3.2737200e+00
   7.6000000e+01   1.6482500e+00  -3.3306600e+00   1.3865500e+00
   7.7000000e+01  -8.6827500e+00  -1.0674600e+01   4.2727400e-01
   7.8000000e+01  -1.0012200e+01  -9.0846600e+00   1.7600400e-01
   7.9000000e+01  -4.4903400e+00  -4.4669300e+00   9.9844200e-01
   8.0000000e+01  -3.7080900e+00   8.4724500e+00  -1.8324100e+00
   8.1000000e+01  -9.2937700e+00  -7.1355600e+00   1.3812200e+00
   8.2000000e+01  -1.3923000e+01   1.1944100e+00   1.0991600e+00
   8.3000000e+01  -3.0800900e+00  -5.5692400e-01   1.5184200e+00
   8.4000000e+01  -6.4033800e+00   6.1328000e+00   9.6255000e-01
   8.5000000e+01  -5.4415200e+00   9.6522900e+00   2.7100100e+00
   8.6000000e+01  -1.0335600e+01   1.2511600e+01   1.9654500e+00
   8.7000000e+01  -1.1140000e+01   3.5015400e+00  -3.0846600e-01
   8.8000000e+01  -8.8936900e+00   1.3995200e+01  -1.0896100e+00
   8.9000000e+01  -1.7704900e-01   1.2727500e+01   1.9291500e-01
   9.0000000e+01  -9.5728000e+00   1.5950400e+01   3.2447700e-01
   9.1000000e+01   4.3435600e+00  -1.7415500e+01   1.0882900e+00
   9.2000000e+01   3.5835200e-01  -1.8343200e+01   1.1356700e+00
   9.3000000e+01  -2.5559000e+00  -1.5016400e+01   1.5189800e+00
   9.4000000e+01  -7.3282200e+00  -1.2254100e+01  -5.2568600e-03
   9.5000000e+01  -3.8524100e+00  -8.0044600e+00   1.5900400e+00
   9.6000000e+01   9.4833700e-01  -5.2849000e+00   1.7249400e+00
   9.7000000e+01  -2.0078100e+01   1.7941300e-01   1.1314200e-01
   9.8000000e+01  -5.1255800e+00  -9.0907200e-01   2.1891700e-01
   9.9000000e+01  -5.0767100e+00   4.5572400e+00  -3.8607500e-01
   1.0000000e+02  -5.8516300e+00  -2.8859300e+00   2.8660900e+00
   1.0100000e+02  -2.4444200e+00  -4.0627700e+00   2.0157200e+00
   1.0200000e+02  -1.3136300e+01   9.4073100e+00  -8.9664200e-01
   1.0300000e+02  -1.5471000e+00   1.4346500e+01   2.0689600e+00
   1.0400000e+02  -2.9485200e-01   7.2708100e+00   1.9878500e-01
   1.0500000e+02  -1.1763000e+01   1.0998900e+01   5.6133200e-01
   1.0600000e+02  -6.2724400e+00   1.7118700e+01  -3.5582000e-01
   1.0700000e+02  -7.2622600e+00   1.5279900e+01  -4.3280500e-01
   1.0800000e+02  -4.2104400e+00   1.7505400e+01   1.4214300e+00
   1.0900000e+02  -4.8619500e-01  -1.4661800e+01   1.0585500e+00
   1.1000000e+02  -8.0240100e+00  -1.4256500e+01  -3.0255800e-02
   1.1100000e+02  -5.9985300e+00  -1.3837300e+01   3.2544600e+00
   1.1200000e+02  -4.5615900e+00  -9.9305300e+00  -5.4498700e-01
   1.1300000e+02   2.9848500e+00  -4.9025000e+00   4.6629000e-01
   1.1400000e+02  -3.1398700e+00  -6.0284400e+00   7.4540000e-01
   1.1500000e+02  -1.1347400e+01  -7.4939800e+00   9.2692600e-01
   1.1600000e+02  -1.7298100e+00  -2.1145500e+00   7.0031300e-01
   1.1700000e+02  -4.1751200e-01  -3.7094300e+00   3.8582600e+00
   1.1800000e+02  -7.8955400e+00  -3.2212900e+00   9.0408100e-01
   1.1900000e+02  -6.8910900e+00   8.1339100e+00   5.6557200e-01
   1.2000000e+02  -7.6830000e+00   1.0040300e+01   2.1224800e+00
   1.2100000e+02  -8.5166800e-01   1.6302300e+01  -2.1922300e-01
   1.2200000e+02  -2.3871500e+00   1.3940900e+00  -5.5011500e-01
   1.2300000e+02  -9.2907600e-01   1.0800500e+01   1.0882100e+00
   1.2400000e+02  -5.6231800e+00   1.3581900e+01  -4.5374200e-01
   1.2500000e+02  -4.9334300e+00   1.5513000e+01   1.4811400e+00
   1.2600000e+02  -9.6796000e-02   1.8227400e+01   6.9727700e-01
   1.2700000e+02  -4.3729000e-01  -9.1838000e+00   2.3709400e+00
   1.2800000e+02  -6.6309100e+00  -1.5807200e+01   2.4134900e+00
   1.2900000e+02  -3.9114700e+00  -1.3445200e+01   1.2172100e+00
   1.3000000e+02  -6.6360100e+00  -1.0291600e+01  -5.7089300e-01
   1.3100000e+02  -1.1047400e+00  -5.6602200e+00   9.0976000e-01
   1.3200000e+02   2.2072300e-01  -1.2696000e+01  -3.4876200e-02
   1.3300000e+02   2.2838500e+00  -6.8536900e+00   8.1611300e-02
   1.3400000e+02   5.7837300e+00  -2.6177700e+00   7.4008500e-01
   1.3500000e+02   6.3879400e+00  -6.0590400e+00   2.6821700e+00
   1.3600000e+02   2.3490900e+00  -1.3692300e+00   5.8804200e-01
   1.3700000e+02  -3.7952800e+00  -2.4895500e+00   1.2308200e-01
   1.3800000e+02  -3.7245400e+00   2.9859200e+00  -4.4052900e-01
   1.3900000e+02  -1.6152200e+00   8.8441200e+00  -3.5784700e-01
   1.4000000e+02  -2.9781800e+00   1.0406900e+01   1.8090500e+00
   1.4100000e+02  -6.2743000e+00   1.1569400e+01  -8.8756800e-01
   1.4200000e+02  -2.2413100e+00   1.2383100e+01   1.0345700e+00
   1.4300000e+02  -3.5887200e+00   1.3964600e+01  -8.9678000e-01
   1.4400000e+02   4.0083600e+00   1.3416800e+01  -1.7177500e+00
   1.4500000e+02   2.9308400e+00  -1.5819200e+01   1.3497300e+00
   1.4600000e+02  -1.8009900e+00  -7.6262300e+00   8.4355800e-01
   1.4700000e+02   5.7082300e+00  -1.3525000e+01   6.4046700e-01
   1.4800000e+02  -5.3066700e+00  -1.1897700e+01   2.0460300e+00
   1.4900000e+02   7.4231300e+00  -1.2696800e+00   1.2225400e+00
   1.5000000e+02  -6.5590300e+00  -4.8493700e+00  -8.3128000e-01
   1.5100000e+02   2.3510500e-01  -7.2275500e+00   1.8418700e+00
   1.5200000e+02   4.3366300e+00  -6.4784900e+00   4.6491000e-01
   1.5300000e+02   1.6789100e+00   2.1254800e+00   7.2066800e-01
   1.5400000e+02   2.9484400e-01  -1.7707700e+00   1.9471000e+00
   1.5500000e+02  -5.7739700e+00   2.6146900e+00   2.2645000e+00
   1.5600000e+02  -7.8219500e+00   2.2653100e+00  -4.7722300e-01
   1.5700000e+02  -1.0102000e+00   5.3338100e+00  -1.0053300e+00
   1.5800000e+02  -2.8824400e+00   1.5939800e+01   2.7019400e+00
   1.5900000e+02   1.0288400e+01   1.3672200e+01   3.7462500e-01
   1.6000000e+02   1.9401700e+00   1.3102800e+01  -6.0390700e-01
   1.6100000e+02   4.1744100e-01   9.2256800e+00   1.3442500e+00
   1.6200000e+02  -2.1668300e+00   1.7889200e+01   4.9664800e-01
   1.6300000e+02  -3.2048100e+00  -1.6984600e+01   3.4986800e-01
   1.6400000e+02  -7.3666200e+00  -1.7742000e+01   2.0131900e+00
   1.6500000e+02   1.5803300e+00  -1.4262300e+01   7.2995000e-01
   1.6600000e+02   4.3296300e+00  -1.1928000e+01   2.5726700e-01
   1.6700000e+02   2.9574000e+00  -1.0369800e+01   3.2697800e+00
   1.6800000e+02  -1.8294300e+00  -1.3084600e+01   8.8732100e-01
   1.6900000e+02   4.4526500e+00   4.4541100e+00   1.1454700e+00
   1.7000000e+02   1.5936500e+00  -8.7988900e+00   4.2368800e-02
   1.7100000e+02   1.0372700e+01   3.4030900e+00   1.3484900e+00
   1.7200000e+02   3.0379100e+00   5.6791900e-01   8.3536500e-01
   1.7300000e+02  -9.2227900e+00  -1.6521900e+00  -3.7707500e-01
   1.7400000e+02   9.8640500e-01   1.7598200e-01   3.0340300e-01
   1.7500000e+02  -2.3610600e+00   6.8958400e+00   1.9667000e+00
   1.7600000e+02   6.6105200e+00   1.0048300e+01   2.2834300e+00
   1.7700000e+02   3.5100600e-01   3.7129000e+00   2.1313400e+00
   1.7800000e+02   1.2048000e+00   1.1154900e+01   6.7355700e-01
   1.7900000e+02   4.8753600e+00   1.5321900e+01   2.9487000e-01
   1.8000000e+02   2.0003100e+00   1.8545900e+01   1.2101000e+00
   1.8100000e+02   7.0510100e+00  -9.5926800e+00  -3.1109000e-01
   1.8200000e+02  -1.1683900e+00  -1.6627600e+01  -6.8846200e-01
   1.8300000e+02  -5.3122700e+00  -1.7387900e+01   6.0270500e-01
   1.8400000e+02  -1.1277700e+00  -1.1116600e+01  -5.7885400e-01
   1.8500000e+02   6.3832300e+00  -1.1560400e+01   2.9698600e-01
   1.8600000e+02   6.3981900e+00  -1.7066000e+01   9.6116600e-01
   1.8700000e+02   5.0120000e+00  -9.9891600e+00   2.7340300e+00
   1.8800000e+02   6.3192900e+00   2.6998300e+00   2.5055600e+00
   1.8900000e+02   5.0128700e+00  -4.5326900e+00   3.0674300e+00
   1.9000000e+02  -1.6920400e+00   3.3567800e+00   1.8347300e-01
   1.9100000e+02   1.7743100e+00   7.6007200e+00  -1.2468400e+00
   1.9200000e+02   2.3791400e+00   4.0748700e+00   2.5915900e-01
   1.9300000e+02   5.1859300e+00   6.3977500e+00   4.0003700e+00
   1.9400000e+02   2.4990500e+00   9.5302500e+00   1.7115300e+00
   1.9500000e+02   6.8267200e+00   8.0058400e+00   2.5387100e+00
   1.9600000e+02   3.2776800e+00   1.1490600e+01   2.0818900e+00
   1.9700000e+02   8.2585100e+00   1.7278000e+01  -2.2572400e-01
   1.9800000e+02   4.4319900e+00   1.8875800e+01   1.5147400e+00
   1.9900000e+02   9.2027100e-01  -1.0757300e+01   2.5218000e+00
   2.0000000e+02   9.2282100e-01  -1.6283700e+01   5.7942200e-01
   2.0100000e+02   3.6408300e+00  -1.3871600e+01   7.7773800e-01
   2.0200000e+02   1.2976400e+01  -9.7930300e+00  -1.0645700e+00
   2.0300000e+02   7.7492400e+00  -7.6602800e+00  -1.4407400e-01
   2.0400000e+02   9.3366400e+00  -2.0048800e+00   3.0696800e+00
   2.0500000e+02   7.7728600e+00  -1.3134400e+01   1.8375700e+00
   2.0600000e+02   3.0970200e+00   6.0059500e+00   1.6589300e+00
   2.0700000e+02   3.6815500e+00  -2.9438400e+00   1.5777900e+00
   2.0800000e+02   1.0958900e+01  -7.4555300e-01  -7.2834200e-01
   2.0900000e+02   7.1294300e+00   8.0112500e-01   3.6168200e-01
   2.1000000e+02   8.7137200e+00   2.1178100e+00   3.0631700e-01
   2.1100000e+02  -1.0375100e+00  -1.7805800e-01   6.4586000e-02
   2.1200000e+02   8.9021900e+00   8.2314500e+00   1.2114000e+00
   2.1300000e+02   1.0551400e+00   5.6710000e+00   1.7083800e+00
   2.1400000e+02  -3.4975000e-01   1.7703200e+00   1.9431300e+00
   2.1500000e+02   7.4303100e+00   1.1984400e+01   2.7714700e+00
   2.1600000e+02   5.7517500e+00   1.7256900e+01   1.0203700e+00
   2.1700000e+02   5.7430400e+00  -1.9033200e+01   5.1568600e-01
   2.1800000e+02   3.4073800e+00  -1.9264700e+01  -4.5603900e-01
   2.1900000e+02   1.1232400e+01  -1.4624800e+01   1.0770000e+00
   2.2000000e+02   5.6689400e+00  -8.0424200e+00   1.0433400e+00
   2.2100000e+02   2.2774500e+00  -1.2308000e+01   1.1645500e-01
   2.2200000e+02   1.1548500e+01  -4.8753900e+00   1.6346900e+00
   2.2300000e+02   5.0581400e+00   9.5720400e-01  -4.6807000e-01
   2.2400000e+02   4.4318000e+00  -1.0180900e+00   2.7991700e+00
   2.2500000e+02   3.8099900e+00   7.9444500e+00   7.5463400e-01
   2.2600000e+02   8.0618000e+00   6.2335500e+00   1.1075200e-01
   2.2700000e+02  -3.0488900e+00   4.9447700e+00  -6.0485100e-01
   2.2800000e+02   1.1961300e+01   4.7664400e+00   1.2300400e+00
   2.2900000e+02   1.2281500e+01   2.6569200e+00   8.0049000e-01
   2.3000000e+02   8.2490500e+00   1.3883300e+01   1.6631200e+00
   2.3100000e+02   5.3416600e+00   1.1802400e+01  -2.1855400e+00
   2.3200000e+02  -1.5059800e+00   1.9839400e+01   7.1520000e-01
   2.3300000e+02   3.4938700e+00   1.6950700e+01   3.5207200e-01
   2.3400000e+02   4.5511500e+00   9.8752900e+00   2.8636900e+00
   2.3500000e+02   8.4702300e+00  -1.1202100e+01   7.0023100e-01
   2.3600000e+02  -3.1623100e+00  -1.1522800e+01   4.7408600e-01
   2.3700000e+02   9.0909800e+00  -9.2205400e+00   1.8569200e+00
   2.3800000e+02   9.1579500e+00  -1.4658000e+01   3.3958400e-01
   2.3900000e+02   8.5098400e+00  -1.6611600e+01   1.3709300e+00
   2.4000000e+02   6.4851300e+00   4.7948100e+00   9.3343600e-01
   2.4100000e+02   3.7189300e+00   2.5166800e+00   2.4987700e+00
   2.4200000e+02   3.6340700e+00  -8.4159800e+00   9.2725200e-01
   2.4300000e+02   1.7762700e+01   2.4792000e+00   1.9159100e+00
   2.4400000e+02   1.2939500e+01  -1.5105100e+00   1.9199200e+00
   2.4500000e+02   1.4416200e+01   7.9916900e+00   1.2792400e+00
   2.4600000e+02   1.2524200e+01   8.8239200e+00   7.7922500e-01
   2.4700000e+02   1.8327600e+01   6.2283300e+00   9.3796300e-01
   2.4800000e+02   2.6579100e+00   1.5027200e+01   2.1403800e+00
   2.4900000e+02   1.0291800e+01   1.1604300e+01  -2.5735300e-01
   2.5000000e+02   1.4660400e+01   5.9278400e+00  -1.6089600e-01
   2.5100000e+02   1.8070100e+01   4.3223100e-01   2.9555800e+00
   2.5200000e+02   5.7202100e-01   1.4651900e+01  -1.7917300e-01
   2.5300000e+02   7.1175100e+00  -1.5100700e+01   1.7162800e+00
   2.5400000e+02   4.9725300e+00  -1.5454800e+01   6.3237900e-02
   2.5500000e+02   1.8402300e+01  -1.7666900e+00  -1.2563600e+00
   2.5600000e+02   1.1132900e+01  -8.8679700e+00   1.3954800e+00
   2.5700000e+02   9.7882300e+00  -7.2884300e+00   3.4311000e-02
   2.5800000e+02   8.4254800e+00  -5.7212100e+00   8.6330700e-01
   2.5900000e+02   1.5820300e+01   3.1827700e+00   7.9381000e-01
   2.6000000e+02   1.3507800e+01  -5.6215600e+00  -1.8636100e-01
   2.6100000e+02   1.5434300e+01  -6.5185000e+00   9.4716300e-02
   2.6200000e+02   1.2741000e+01   6.6818000e+00   1.6990400e+00
   2.6300000e+02   1.1289200e+01  -2.7896800e+00   1.8086000e+00
   2.6400000e+02   1.0640300e+01   1.3272200e+00   4.8178600e-01
   2.6500000e+02   1.0834200e+01   7.4622600e+00   7.7478500e-01
   2.6600000e+02   1.6354200e+01   7.1747600e+00   4.8766400e-01
   2.6700000e+02   1.2238800e+01   1.2999900e+01   2.3032500e+00
   2.6800000e+02   9.4718300e+00   1.5614700e+01   6.9552200e-01
   2.6900000e+02   6.1388700e+00   1.3705900e+01  -8.3310100e-01
   2.7000000e+02   7.0013300e+00   1.5617500e+01  -4.1612700e-01
   2.7100000e+02  -1.8813600e+00  -1.8587300e+01   1.0007400e+00
   2.7200000e+02   7.5587500e+00  -3.6669000e+00   1.7627700e+00
   2.7300000e+02   1.0126200e+01  -1.2803300e+01   6.2040800e-01
   2.7400000e+02   1.1161000e+01  -1.0939300e+01   2.4465700e+00
   2.7500000e+02   1.4536100e+01  -1.9442800e-01   1.7455100e+00
   2.7600000e+02   1.3219200e+01  -3.5760500e+00   1.5860100e+00
   2.7700000e+02   1.3877100e+01   3.9685600e+00   6.7300700e-01
   2.7800000e+02   1.2583200e+01   5.1340800e-01   2.7443300e-01
   2.7900000e+02   9.6465200e+00  -4.0440700e+00   5.3033700e-01
   2.8000000e+02   1.6807000e+01  -3.0844000e+00  -1.1706400e-01
   2.8100000e+02   1.0036500e+01   5.5386900e+00   8.8735800e-01
   2.8200000e+02   1.4874900e+01  -2.2726300e+00  -1.7721300e-02
   2.8300000e+02   1.6561500e+01   5.1105200e+00   1.2119400e+00
   2.8400000e+02   8.4602600e+00   4.1701300e+00   2.0872700e+00
   2.8500000e+02   1.4215000e+01   1.8864600e+00   2.2536700e+00
   2.8600000e+02   1.0589900e+01   9.5623500e+00   1.3324500e+00
   2.8700000e+02   8.6577000e+00   1.0308200e+01   2.3887800e-01
   2.8800000e+02   1.2288800e+01   1.0884500e+01   3.9777300e-01
   2.8900000e+02   1.2223400e+01  -1.2732800e+01   1.2815500e+00
   2.9000000e+02   1.4058000e+01  -1.1704400e+01   8.9049000e-01
   2.9100000e+02   1.7030400e+01  -5.1975600e+00   3.0139400e-01
   2.9200000e+02   1.1844700e+01  -6.9261900e+00   2.9228000e+00
   2.9300000e+02   1.6507900e+01  -9.3068900e-01   1.6917800e-01
   2.9400000e+02   1.5040200e+01  -9.5486800e+00   1.7906600e+00
   2.9500000e+02   1.3779700e+01  -7.7667000e+00  -9.3474500e-01
   2.9600000e+02   1.9707700e+01   1.7792200e+00   1.7496000e+00
   2.9700000e+02   1.5151100e+01  -4.3451700e+00  -1.1498200e+00
   2.9800000e+02   1.6135600e+01   1.1256200e+00   8.6621200e-01
   2.9900000e+02   9.0449300e+00   2.7958800e-02   1.8231500e+00
   3.0000000e+02   1.8699000e+01  -3.9557800e+00   1.4459600e+00
