   1.0000000e+00  -1.3022900e+01  -5.8363800e+00   2.7211000e-01
   2.0000000e+00  -1.3869200e+01  -1.1999800e+01   1.3826900e+00
   3.0000000e+00  -1.7089400e+01  -9.3822000e+00   1.6713100e+00
   4.0000000e+00  -1.7800700e+01   8.0980900e-02   5.9537500e-01
   5.0000000e+00  -1.6134400e+01  -3.1027100e+00   9.7274500e-01
   6.0000000e+00  -1.2280900e+01  -3.8570800e+00   1.4586400e+00
   7.0000000e+00  -1.3808100e+01  -1.2777400e-01   1.9119600e+00
   8.0000000e+00  -1.7963200e+01  -4.1108600e+00   1.7170800e-01
   9.0000000e+00  -1.5849500e+01  -1.2911000e+01  -7.9172000e-02
   1.0000000e+01  -1.7790900e+01  -6.5564900e+00   1.4320000e+00
   1.1000000e+01  -2.0625700e+01   3.0772700e+00   2.6251600e+00
   1.2000000e+01  -1.7171600e+01   7.7694000e+00   1.3100200e+00
   1.3000000e+01  -2.0553700e+01   5.4567900e+00   1.1186300e+00
   1.4000000e+01  -1.6344200e+01   1.1596400e+01   1.1438100e+00
   1.5000000e+01  -1.7907500e+01  -2.0271700e+00   1.3337200e+00
   1.6000000e+01  -1.3234300e+01   6.4971100e+00   1.2539600e+00
   1.7000000e+01  -1.3204800e+01   1.4367500e+01   9.9286400e-01
   1.8000000e+01  -1.4823300e+01   1.3055900e+01   9.2025800e-02
   1.9000000e+01  -1.2129800e+01  -1.3182400e+01   1.7090100e+00
   2.0000000e+01  -1.0449900e+01  -4.8137700e+00   1.5613700e+00
   2.1000000e+01  -1.0723900e+01  -1.6513400e+01   1.6280100e+00
   2.2000000e+01  -1.1186000e+01  -6.7876700e+00   9.3104300e-01
   2.3000000e+01  -1.0502600e+01  -2.7434100e+00   2.3464800e+00
   2.4000000e+01  -1.9735300e+01  -5.2915900e+00   1.2386200e+00
   2.5000000e+01  -1.6227100e+01  -5.2215600e+00   2.6523400e+00
   2.6000000e+01  -1.4093300e+01   2.3880300e+00   9.7843800e-01
   2.7000000e+01  -1.9563900e+01   1.1772400e+00  -1.4082100e-01
   2.8000000e+01  -9.3508700e+00   5.0893600e+00   1.2374300e+00
   2.9000000e+01  -1.1211300e+01   6.0106300e+00   8.8941600e-01
   3.0000000e+01  -1.0396800e+01   9.5039900e+00   3.7047700e-01
   3.1000000e+01  -1.8777400e+01   6.4905700e+00   1.2557500e+00
   3.2000000e+01  -1.4356100e+01  -4.2560500e+00   8.1681600e-01
   3.3000000e+01  -1.5303600e+01   6.6132400e+00   7.9203200e-01
   3.4000000e+01  -1.6107400e+01   9.5399800e+00   2.1904500e+00
   3.5000000e+01  -1.9642100e+01  -8.8968000e-01   1.3758900e+00
   3.6000000e+01  -9.1843800e+00   1.7170900e+01   1.5642900e+00
   3.7000000e+01  -8.3225700e+00  -1.1495000e+01   8.9488200e-01
   3.8000000e+01  -1.0497300e+01  -1.4449800e+01   2.9988400e-01
   3.9000000e+01  -9.5027000e+00  -1.8206100e+01   9.8043200e-01
   4.0000000e+01  -1.5613700e+01  -1.0822300e+01   9.8941500e-01
   4.1000000e+01  -1.1976900e+01  -1.1105400e+01   6.4244500e-01
   4.2000000e+01  -1.5956200e+01   3.4067300e+00   9.4936400e-01
   4.3000000e+01  -9.0012400e+00  -6.3423000e+00   4.6000000e-01
   4.4000000e+01  -1.5401500e+01  -7.1443500e+00   8.4903100e-01
   4.5000000e+01  -1.2153200e+01  -1.4419100e+00   1.5496900e+00
   4.6000000e+01  -1.4209500e+01  -2.1446700e+00   8.4959500e-01
   4.7000000e+01  -5.8639900e+00   5.9873600e+00   3.6304300e-01
   4.8000000e+01  -1.2405400e+01   1.0178800e+01   5.2872000e-01
   4.9000000e+01  -1.0944000e+01   1.1614200e+01   1.1639500e+00
   5.0000000e+01  -1.7668000e+01   2.2076400e+00   1.1348500e+00
   5.1000000e+01  -1.1916100e+01   8.0978500e+00   1.2582900e+00
   5.2000000e+01  -4.0190600e+00   1.1374100e+01   6.0212900e-01
   5.3000000e+01  -6.3623500e+00   2.0155700e+01   1.3646600e+00
   5.4000000e+01  -1.1582200e+01   1.5767800e+01   9.2524200e-01
   5.5000000e+01  -2.2911400e+00  -2.0938200e+01   4.7485600e-01
   5.6000000e+01  -1.3470500e+01  -7.8482200e+00   1.2934600e+00
   5.7000000e+01  -1.3712200e+01  -9.8890400e+00   1.2262000e+00
   5.8000000e+01  -5.5734900e+00  -1.6417500e+01   8.0084200e-01
   5.9000000e+01  -1.2285100e+01   1.3222000e+00   1.3881400e+00
   6.0000000e+01  -8.0880300e+00  -9.4536300e+00   5.2785700e-01
   6.1000000e+01  -1.5857700e+01  -8.4571300e-01   4.6493300e-01
   6.2000000e+01  -2.0671500e+00  -1.1213200e+01   1.6223200e-02
   6.3000000e+01  -1.0218600e+01   1.1975200e+00   1.9062900e+00
   6.4000000e+01  -7.6914500e+00  -4.8344100e-01   1.1887000e+00
   6.5000000e+01  -1.2412100e+01   3.9596300e+00   7.6231000e-01
   6.6000000e+01  -1.7118700e+01   5.2420000e+00   8.0005500e-01
   6.7000000e+01  -6.4774800e+00   1.2062700e+00   1.8465400e+00
   6.8000000e+01  -9.7821800e+00   7.5021400e+00   2.0544000e+00
   6.9000000e+01  -1.8762600e+01   3.9794800e+00   1.0416900e+00
   7.0000000e+01  -9.2481000e+00   1.3064900e+01   1.3288600e+00
   7.1000000e+01  -1.3969100e+01   8.5821600e+00   4.3151500e-01
   7.2000000e+01   1.0259200e+00   1.8660400e+01   1.3750000e+00
   7.3000000e+01  -1.4081600e+01  -1.4071200e+01   2.4205200e+00
   7.4000000e+01  -1.2426700e+01  -1.5303600e+01   1.2430000e+00
   7.5000000e+01  -6.4677600e+00  -8.1186300e+00   6.6329500e-01
   7.6000000e+01   1.0402800e+00  -1.5803000e+00  -7.8886500e-01
   7.7000000e+01  -1.0208200e+01  -1.2400600e+01   7.5376000e-01
   7.8000000e+01  -1.0042900e+01  -1.0333900e+01   4.5595700e-01
   7.9000000e+01  -4.5605000e+00  -5.6537100e+00   1.4713600e+00
   8.0000000e+01  -6.4075900e+00   8.0048100e+00  -4.6879900e-02
   8.1000000e+01  -9.8027900e+00  -8.3005500e+00   1.1740300e+00
   8.2000000e+01  -1.5818300e+01   1.2274400e+00   6.9573900e-01
   8.3000000e+01  -6.4173200e+00  -2.1327000e+00   7.6284700e-01
   8.4000000e+01  -7.8891200e+00   6.5440500e+00   1.7723900e+00
   8.5000000e+01  -6.8017900e+00   1.0888900e+01   4.5575200e-01
   8.6000000e+01  -1.1217500e+01   1.3701800e+01  -4.2164400e-01
   8.7000000e+01  -1.4337800e+01   4.6987000e+00   1.2327700e+00
   8.8000000e+01  -7.4862100e+00   1.4148900e+01   1.0538600e+00
   8.9000000e+01  -2.9201000e-02   1.4573800e+01  -1.8829500e-01
   9.0000000e+01  -9.4945700e+00   1.5112500e+01   1.6395800e+00
   9.1000000e+01   3.9512900e+00  -1.9634500e+01   1.1458700e+00
   9.2000000e+01   1.9545700e+00  -1.8886200e+01   8.3820800e-02
   9.3000000e+01  -2.1382900e+00  -1.6802500e+01   1.0675500e+00
   9.4000000e+01  -8.4892800e+00  -1.3576600e+01   1.4524400e+00
   9.5000000e+01  -5.3658000e+00  -9.8760900e+00   6.2730500e-01
   9.6000000e+01   5.4661900e-01  -3.8050300e+00   8.3705600e-01
   9.7000000e+01  -2.1399700e+01   1.8219100e-01   1.0953700e+00
   9.8000000e+01  -8.4757100e+00  -2.3912600e+00   1.7784000e+00
   9.9000000e+01  -7.3782600e+00   4.4409700e+00   1.2131100e+00
   1.0000000e+02  -6.0924900e+00  -4.2081000e+00  -6.9520700e-02
   1.0100000e+02  -1.8473400e+00  -4.4083900e+00   1.8704500e-01
   1.0200000e+02  -1.4454800e+01   1.0772300e+01   1.0583900e+00
   1.0300000e+02  -1.5501000e+00   1.5999400e+01   1.5982600e+00
   1.0400000e+02  -1.4041800e+00   7.4559000e+00   4.4761300e-01
   1.0500000e+02  -1.2933700e+01   1.2210000e+01   5.1755600e-01
   1.0600000e+02  -7.3619100e+00   1.8297300e+01   1.4693100e+00
   1.0700000e+02  -7.2101000e+00   1.6205100e+01   1.7540500e+00
   1.0800000e+02  -4.7107000e+00   1.8803700e+01   1.2387900e+00
   1.0900000e+02  -1.4395100e-01  -1.6192100e+01   1.1098100e+00
   1.1000000e+02  -8.7022200e+00  -1.5654400e+01   1.9084800e+00
   1.1100000e+02  -6.7329700e+00  -1.4706600e+01   8.7020100e-01
   1.1200000e+02  -4.3885300e+00  -1.1681000e+01   7.8681800e-01
   1.1300000e+02   2.5203000e+00  -4.8218300e+00   1.2792000e+00
   1.1400000e+02  -4.3407500e+00  -7.7283300e+00   2.0959200e+00
   1.1500000e+02  -1.1759400e+01  -9.0473000e+00   1.1018800e+00
   1.1600000e+02  -4.6664800e+00  -1.0634100e+00   1.3303200e+00
   1.1700000e+02  -1.0343600e+00  -2.3792000e+00   2.5559600e+00
   1.1800000e+02  -8.1616200e+00  -4.4487500e+00   5.4955300e-01
   1.1900000e+02  -8.3429700e+00   9.0191400e+00   1.0182100e+00
   1.2000000e+02  -8.9048100e+00   1.1005300e+01   1.1446900e+00
   1.2100000e+02   4.4639200e-01   1.6580500e+01   7.3972600e-01
   1.2200000e+02  -4.2554400e+00   9.5675400e-01   1.9426900e+00
   1.2300000e+02  -5.8095300e-01   1.2569000e+01   8.8622000e-01
   1.2400000e+02  -5.4877300e+00   1.4732000e+01   2.2174100e+00
   1.2500000e+02  -5.1541600e+00   1.6767500e+01   1.3956600e+00
   1.2600000e+02  -1.1129900e+00   1.8073500e+01   9.5304600e-01
   1.2700000e+02  -7.7605500e-01  -9.5502600e+00   1.1063100e+00
   1.2800000e+02  -7.4492600e+00  -1.7317400e+01  -1.1666900e-01
   1.2900000e+02  -3.7356000e+00  -1.5454900e+01   7.5001800e-01
   1.3000000e+02  -6.6125900e+00  -1.2631200e+01   7.5816600e-01
   1.3100000e+02  -2.6109600e+00  -6.4255900e+00   1.0899900e+00
   1.3200000e+02   1.1776900e+00  -1.4564000e+01   1.2560300e+00
   1.3300000e+02   1.0389400e+00  -6.3360800e+00   1.1961900e+00
   1.3400000e+02   4.7721400e+00  -2.1425500e+00   1.0686700e+00
   1.3500000e+02   6.1014100e+00  -6.3004600e+00   1.6006200e+00
   1.3600000e+02   3.0884100e+00  -7.0966000e-01   7.3329200e-01
   1.3700000e+02  -3.8598500e+00  -3.2390100e+00   2.2300000e+00
   1.3800000e+02  -5.5886800e+00   3.2603000e+00   7.1189600e-01
   1.3900000e+02  -3.0769300e+00   9.4021600e+00   9.5537200e-01
   1.4000000e+02  -5.1537300e+00   9.6539000e+00   4.4479800e-01
   1.4100000e+02  -5.6576000e+00   1.2667700e+01   1.1319100e+00
   1.4200000e+02  -3.1752300e+00   1.3250600e+01   9.4192000e-01
   1.4300000e+02  -3.5130800e+00   1.5349000e+01   5.2346500e-01
   1.4400000e+02   4.1570900e+00   1.3357700e+01   1.3489700e+00
   1.4500000e+02   3.7805400e+00  -1.7553000e+01   6.3054100e-01
   1.4600000e+02  -3.0576200e+00  -9.3257000e+00  -3.3848300e-01
   1.4700000e+02   5.0436900e+00  -1.4195100e+01   1.7602400e+00
   1.4800000e+02  -4.8748700e+00  -1.3740900e+01   7.8998900e-01
   1.4900000e+02   6.8235900e+00  -2.6524400e+00   1.0074800e+00
   1.5000000e+02  -6.9159700e+00  -6.1074400e+00   1.1205700e+00
   1.5100000e+02  -6.9277000e-01  -7.4790300e+00   1.1886400e+00
   1.5200000e+02   4.0178300e+00  -6.2682200e+00   1.7133900e+00
   1.5300000e+02   2.1569500e+00   2.8245600e+00   6.3733400e-01
   1.5400000e+02  -6.2427300e-01   3.0730300e-01  -6.9081600e-02
   1.5500000e+02  -8.4419900e+00   2.3682300e+00   3.4125100e-01
   1.5600000e+02  -1.0423100e+01   3.3184000e+00   1.3222800e+00
   1.5700000e+02  -7.3605100e-01   5.3292500e+00   1.6180800e+00
   1.5800000e+02  -3.1233200e+00   1.7393000e+01   1.8199700e+00
   1.5900000e+02   1.0280900e+01   1.4615200e+01   3.8189700e-01
   1.6000000e+02   1.7015900e+00   1.3428300e+01   1.3415000e+00
   1.6100000e+02  -1.0280400e+00   9.5932600e+00   4.5900500e-01
   1.6200000e+02  -2.7450300e+00   1.9436100e+01   1.5261800e+00
   1.6300000e+02  -2.2330400e+00  -1.8873300e+01   1.2903300e+00
   1.6400000e+02  -6.1522200e+00  -1.8994300e+01   9.2121100e-01
   1.6500000e+02   3.4166800e+00  -1.5495000e+01   1.5959300e+00
   1.6600000e+02   4.5945700e+00  -1.2184600e+01   1.6896500e+00
   1.6700000e+02   2.5160500e+00  -1.1453700e+01   1.7557900e+00
   1.6800000e+02  -1.6615300e+00  -1.4795800e+01   1.6768100e+00
   1.6900000e+02   6.0630900e+00   4.5672200e+00  -3.7691500e-01
   1.7000000e+02   1.3307000e+00  -9.3691500e+00   2.8110100e+00
   1.7100000e+02   1.0106000e+01   2.2302900e+00   4.8119800e-01
   1.7200000e+02   4.4462300e+00   1.0957400e+00   1.7662700e+00
   1.7300000e+02  -9.7916600e+00  -8.1076500e-01   9.0989200e-01
   1.7400000e+02   1.3368300e+00   9.3224300e-01   1.7461200e+00
   1.7500000e+02  -4.3788300e+00   7.6471400e+00   9.2928600e-01
   1.7600000e+02   6.6666600e+00   1.1286000e+01   4.0010400e-01
   1.7700000e+02   6.0628900e-02   2.9296500e+00   9.6256600e-01
   1.7800000e+02   6.1813100e-01   1.0860000e+01   7.6686900e-01
   1.7900000e+02   4.5545300e+00   1.6560900e+01   1.9185200e-01
   1.8000000e+02   2.5066900e+00   2.0143100e+01   9.1171600e-01
   1.8100000e+02   6.2653500e+00  -1.0177800e+01   6.1969000e-01
   1.8200000e+02  -2.0596000e-01  -1.8246200e+01   2.1634900e+00
   1.8300000e+02  -4.0142100e+00  -1.7760800e+01   4.9051200e-01
   1.8400000e+02  -8.2495000e-01  -1.2885900e+01   1.0661600e+00
   1.8500000e+02   4.1158500e+00  -1.0122500e+01   2.2672500e+00
   1.8600000e+02   5.6468100e+00  -1.8446100e+01   1.6300100e+00
   1.8700000e+02   4.8864600e+00  -8.2125800e+00   1.4990700e+00
   1.8800000e+02   7.9788400e+00   3.7852600e+00   1.2665100e+00
   1.8900000e+02   5.2911300e+00  -4.3943400e+00   9.2132700e-01
   1.9000000e+02  -3.6657400e+00   4.0115400e+00   3.5825400e-02
   1.9100000e+02   1.3185100e+00   8.8124100e+00   8.0482300e-01
   1.9200000e+02   1.9572400e+00   4.9023000e+00   1.8339600e+00
   1.9300000e+02   5.5002000e+00   7.3032000e+00   1.8159300e+00
   1.9400000e+02   3.6127700e+00   9.4600700e+00   6.5213600e-01
   1.9500000e+02   8.5758700e+00   8.2970700e+00   1.2443300e+00
   1.9600000e+02   2.5577900e+00   1.1552900e+01   1.5451700e+00
   1.9700000e+02   8.0260200e+00   1.8061200e+01   2.0950800e+00
   1.9800000e+02   5.3765300e+00   2.0084900e+01   1.3075600e+00
   1.9900000e+02   4.1773500e-01  -1.1231700e+01   1.6174000e+00
   2.0000000e+02   1.8258800e+00  -1.6820200e+01   1.7974000e-01
   2.0100000e+02   5.3778300e+00  -1.6250700e+01   1.9891000e+00
   2.0200000e+02   1.4234300e+01  -1.1354900e+01   6.6506800e-01
   2.0300000e+02   8.5696900e+00  -9.4727900e+00   1.8502000e+00
   2.0400000e+02   8.8447900e+00  -3.2267600e+00   1.0566400e+00
   2.0500000e+02   6.7924700e+00  -1.3069800e+01   2.2605500e-01
   2.0600000e+02   4.0201300e+00   5.3926000e+00   1.3190200e+00
   2.0700000e+02   2.7591400e+00  -2.7784600e+00   1.1718500e+00
   2.0800000e+02   1.2343700e+01  -1.3157200e+00   1.5831800e+00
   2.0900000e+02   8.2651900e+00  -9.9964300e-01   1.1840700e+00
   2.1000000e+02   8.3608800e+00   1.1278100e+00   1.1287600e+00
   2.1100000e+02  -2.5779800e+00  -9.2784900e-01  -6.0151600e-01
   2.1200000e+02   1.0385400e+01   9.3190100e+00   1.5776800e+00
   2.1300000e+02   1.0044500e+00   6.7807900e+00   7.3911500e-01
   2.1400000e+02  -2.2493300e+00   1.6615000e+00   1.2744600e+00
   2.1500000e+02   8.3211400e+00   1.2576600e+01   1.1017100e+00
   2.1600000e+02   5.9548100e+00   1.8080600e+01   1.0340000e+00
   2.1700000e+02   5.9718600e+00  -2.0524900e+01   1.5813900e+00
   2.1800000e+02   2.2429100e+00  -2.0950300e+01   1.1027300e+00
   2.1900000e+02   1.0924500e+01  -1.5902100e+01   1.6183600e+00
   2.2000000e+02   6.9551500e+00  -8.1765100e+00   1.8753700e+00
   2.2100000e+02   2.9358000e+00  -1.3481300e+01   1.1633400e+00
   2.2200000e+02   1.1819200e+01  -5.0069700e+00   8.0133000e-01
   2.2300000e+02   6.3576700e+00   2.0868300e+00   1.3406900e+00
   2.2400000e+02   6.2671900e+00  -1.9447600e-01   1.7902500e+00
   2.2500000e+02   3.4404000e+00   7.3925900e+00  -1.4123200e-01
   2.2600000e+02   9.2903700e+00   5.6657700e+00   5.1970200e-01
   2.2700000e+02  -2.7477700e+00   5.9000900e+00   1.0492200e+00
   2.2800000e+02   1.2881900e+01   4.8809300e+00   1.0998200e+00
   2.2900000e+02   1.2417400e+01   2.7916800e+00   4.3293600e-01
   2.3000000e+02   8.0283900e+00   1.4633400e+01   7.4316900e-01
   2.3100000e+02   4.6024600e+00   1.1325100e+01   7.5175500e-01
   2.3200000e+02  -5.1962400e-01   2.0051500e+01   3.6276500e-01
   2.3300000e+02   3.9189000e+00   1.8536300e+01   2.5322300e+00
   2.3400000e+02   6.6448400e+00   9.1874100e+00   1.4246200e+00
   2.3500000e+02   8.1362500e+00  -1.1480000e+01   2.2042700e-01
   2.3600000e+02  -2.8861200e+00  -1.3144600e+01   2.2533700e+00
   2.3700000e+02   1.0448800e+01  -1.0327000e+01   1.1494500e+00
   2.3800000e+02   9.4025200e+00  -1.4364400e+01   5.2242200e-01
   2.3900000e+02   9.3184200e+00  -1.7187100e+01   1.3212800e+00
   2.4000000e+02   7.3327600e+00   6.3405500e+00  -2.3598100e-01
   2.4100000e+02   4.3663400e+00   3.3114600e+00   8.0307400e-01
   2.4200000e+02   2.8459700e+00  -7.9752400e+00   7.5560200e-01
   2.4300000e+02   1.8454800e+01   3.7711900e+00   2.3504000e+00
   2.4400000e+02   1.4432400e+01  -1.4383800e+00   9.8443100e-01
   2.4500000e+02   1.5098300e+01   8.4291400e+00   1.7999100e+00
   2.4600000e+02   1.3978300e+01   1.0213700e+01   6.8973400e-01
   2.4700000e+02   1.8864300e+01   6.5289900e+00   1.1975400e+00
   2.4800000e+02   2.9426700e+00   1.5064900e+01   8.4227200e-02
   2.4900000e+02   1.0391000e+01   1.2154700e+01   1.1831900e+00
   2.5000000e+02   1.5133600e+01   5.8126000e+00   1.0553200e+00
   2.5100000e+02   1.9822900e+01   5.9338600e-01   1.2164600e+00
   2.5200000e+02   2.4401600e+00   1.7078200e+01   5.2877400e-01
   2.5300000e+02   7.4398200e+00  -1.5064300e+01   6.8931800e-01
   2.5400000e+02   7.2504700e+00  -1.7125400e+01   1.0682600e+00
   2.5500000e+02   1.9053400e+01  -3.3930800e+00   1.2211800e+00
   2.5600000e+02   1.2404100e+01  -9.3641600e+00  -8.3392100e-02
   2.5700000e+02   1.0312500e+01  -8.2637100e+00   1.9930700e+00
   2.5800000e+02   8.6000100e+00  -6.9246900e+00   1.4065500e+00
   2.5900000e+02   1.6497400e+01   2.9564100e+00   1.1552700e+00
   2.6000000e+02   1.4205200e+01  -7.0620600e+00   9.0841200e-01
   2.6100000e+02   1.6198800e+01  -8.0433800e+00   1.0190600e+00
   2.6200000e+02   1.3342800e+01   6.9190100e+00   1.0859900e+00
   2.6300000e+02   1.3087100e+01  -3.3554100e+00   1.3457600e+00
   2.6400000e+02   1.0777000e+01   2.8100500e-01   1.0399900e+00
   2.6500000e+02   1.2367300e+01   8.7554300e+00   1.5803900e+00
   2.6600000e+02   1.7031400e+01   7.6403400e+00   1.0582500e+00
   2.6700000e+02   1.2184900e+01   1.3827400e+01   1.0280500e+00
   2.6800000e+02   9.1741900e+00   1.6358600e+01   1.1593000e+00
   2.6900000e+02   6.2698400e+00   1.3448300e+01   8.5302600e-01
   2.7000000e+02   6.5574200e+00   1.6064800e+01   1.9857200e+00
   2.7100000e+02  -1.3805100e-01  -2.0345400e+01   7.2508100e-01
   2.7200000e+02   7.5791500e+00  -4.8760500e+00   8.9441500e-01
   2.7300000e+02   1.0010200e+01  -1.2351700e+01   1.4633400e+00
   2.7400000e+02   1.2072100e+01  -1.1673400e+01   1.4431700e+00
   2.7500000e+02   1.6438100e+01   1.7271000e-01   8.3197000e-01
   2.7600000e+02   1.5145000e+01  -3.5471900e+00   1.2513300e+00
   2.7700000e+02   1.4496700e+01   3.5513200e+00   1.9453000e+00
   2.7800000e+02   1.2792800e+01   7.6460500e-01   1.7178100e+00
   2.7900000e+02   9.7133400e+00  -5.1558400e+00   3.1577300e-01
   2.8000000e+02   1.7130800e+01  -4.1406800e+00   1.1128600e+00
   2.8100000e+02   1.1288700e+01   6.3542200e+00   4.9648300e-01
   2.8200000e+02   1.6432500e+01  -1.9287600e+00   1.2362800e+00
   2.8300000e+02   1.7151300e+01   5.3773900e+00   5.4919100e-01
   2.8400000e+02   1.0868900e+01   4.2857700e+00   1.3581800e+00
   2.8500000e+02   1.4805400e+01   1.5129000e+00   1.1052300e+00
   2.8600000e+02   1.1977000e+01   1.0810700e+01   7.9746500e-01
   2.8700000e+02   8.6282500e+00   1.0502900e+01   7.0472900e-01
   2.8800000e+02   1.3580900e+01   1.2287800e+01   6.3662300e-01
   2.8900000e+02   1.1467400e+01  -1.3912900e+01   2.6408300e+00
   2.9000000e+02   1.3471300e+01  -1.3279000e+01   1.5456300e+00
   2.9100000e+02   1.7624800e+01  -6.5225900e+00   1.1319800e-01
   2.9200000e+02   1.2142400e+01  -7.1250500e+00   9.3663700e-01
   2.9300000e+02   1.8231700e+01  -8.7301200e-01   3.0014000e-01
   2.9400000e+02   1.6149000e+01  -1.0591900e+01   1.5582100e+00
   2.9500000e+02   1.4500400e+01  -9.2653000e+00   1.3178400e+00
   2.9600000e+02   2.0483100e+01   3.3663100e+00   1.1662900e+00
   2.9700000e+02   1.5722400e+01  -5.6516500e+00   8.6386300e-01
   2.9800000e+02   1.8003700e+01   1.5597400e+00   5.2002300e-01
   2.9900000e+02   1.0346000e+01  -1.7968400e+00   2.1195600e+00
   3.0000000e+02   1.9594700e+01  -5.9131000e+00   2.2819600e+00
