   1.0000000e+00  -1.3309000e+01  -6.1413100e+00  -1.5890300e-01
   2.0000000e+00  -1.3445400e+01  -1.1816600e+01   1.3376000e-01
   3.0000000e+00  -1.6368000e+01  -9.0327700e+00   1.7150800e+00
   4.0000000e+00  -1.6588600e+01   2.4197300e-01   1.4792900e+00
   5.0000000e+00  -1.4917800e+01  -2.9566500e+00   5.3004200e-01
   6.0000000e+00  -1.1338800e+01  -3.1526200e+00   1.8028200e+00
   7.0000000e+00  -1.2973400e+01   1.1722600e-01   6.6011100e-01
   8.0000000e+00  -1.6800900e+01  -3.8680900e+00   8.9223600e-02
   9.0000000e+00  -1.5562100e+01  -1.1774000e+01   1.8857000e+00
   1.0000000e+01  -1.6971500e+01  -6.0125800e+00   1.5688500e+00
   1.1000000e+01  -1.9868200e+01   2.0014500e+00   1.0002300e+00
   1.2000000e+01  -1.6953900e+01   7.0891200e+00   6.2465700e-01
   1.3000000e+01  -2.0207600e+01   4.0980800e+00   1.1464000e+00
   1.4000000e+01  -1.6854900e+01   9.1735600e+00   1.6454100e+00
   1.5000000e+01  -1.6627200e+01  -1.8155600e+00   1.5599300e+00
   1.6000000e+01  -1.3312500e+01   6.9751700e+00   1.4924200e+00
   1.7000000e+01  -1.3017400e+01   1.3282300e+01  -5.9654500e-02
   1.8000000e+01  -1.5008200e+01   1.0194500e+01   1.7146900e+00
   1.9000000e+01  -1.2402400e+01  -1.3607700e+01   1.4491800e+00
   2.0000000e+01  -9.8151600e+00  -4.5349500e+00   1.3496500e+00
   2.1000000e+01  -9.1919500e+00  -1.5294500e+01   1.0117800e+00
   2.2000000e+01  -1.1211000e+01  -6.0384900e+00   5.2843000e-03
   2.3000000e+01  -9.2987000e+00  -2.4352000e+00   9.8946200e-01
   2.4000000e+01  -1.8774400e+01  -5.0086500e+00   1.1730500e+00
   2.5000000e+01  -1.5034400e+01  -5.0222800e+00   1.2124400e+00
   2.6000000e+01  -1.3395700e+01   2.8083500e+00   9.6079100e-01
   2.7000000e+01  -1.8676900e+01   1.8915400e-01   6.5047300e-02
   2.8000000e+01  -9.7392400e+00   4.7622700e+00   1.5480800e+00
   2.9000000e+01  -1.1483300e+01   5.9102400e+00   2.2621700e+00
   3.0000000e+01  -9.6656700e+00   8.9396000e+00   1.3275000e+00
   3.1000000e+01  -1.8768100e+01   6.0319200e+00   9.1896200e-01
   3.2000000e+01  -1.3185000e+01  -4.0769300e+00   1.9651100e+00
   3.3000000e+01  -1.5127200e+01   5.9816800e+00   7.5231900e-01
   3.4000000e+01  -1.5048600e+01   8.0714300e+00   2.2017500e+00
   3.5000000e+01  -1.8642800e+01  -2.3733900e+00  -6.4856600e-01
   3.6000000e+01  -8.4365100e+00   1.7027600e+01   2.0818100e+00
   3.7000000e+01  -8.1689700e+00  -9.9055200e+00   1.3781300e+00
   3.8000000e+01  -1.0328900e+01  -1.3565500e+01   9.8495700e-01
   3.9000000e+01  -8.4095800e+00  -1.7209400e+01   5.5352800e-01
   4.0000000e+01  -1.4498800e+01  -9.9788700e+00   2.2590800e+00
   4.1000000e+01  -1.1358700e+01  -1.1783800e+01   4.8707600e-01
   4.2000000e+01  -1.5165300e+01   3.9093300e+00   1.6428200e+00
   4.3000000e+01  -8.6171800e+00  -6.2017300e+00   2.2154500e+00
   4.4000000e+01  -1.5209400e+01  -7.1058900e+00   2.8624800e-01
   4.5000000e+01  -1.1248400e+01  -1.0582700e+00  -6.6706600e-01
   4.6000000e+01  -1.3079500e+01  -2.0151600e+00   4.9381000e-01
   4.7000000e+01  -5.8165100e+00   5.9608600e+00   1.4330400e+00
   4.8000000e+01  -1.1412400e+01   1.0043400e+01  -8.8575800e-02
   4.9000000e+01  -9.5144900e+00   1.0996600e+01   1.1047900e+00
   5.0000000e+01  -1.6506100e+01   2.3315100e+00   1.3100600e+00
   5.1000000e+01  -1.1494300e+01   7.9652800e+00   8.3913900e-01
   5.2000000e+01  -3.8751900e+00   1.1029700e+01   1.8528200e+00
   5.3000000e+01  -4.7992200e+00   1.9375100e+01   7.9503900e-01
   5.4000000e+01  -1.1137500e+01   1.4208500e+01   5.4197300e-02
   5.5000000e+01  -3.1839000e+00  -1.9270000e+01   2.0853700e+00
   5.6000000e+01  -1.3436200e+01  -8.1973700e+00   1.6653400e+00
   5.7000000e+01  -1.2374100e+01  -9.9597400e+00   1.1189400e+00
   5.8000000e+01  -5.0122100e+00  -1.5405400e+01   8.5085100e-01
   5.9000000e+01  -1.1661100e+01   1.7007700e+00   3.7751400e-01
   6.0000000e+01  -7.2009300e+00  -8.0699700e+00   1.5656600e+00
   6.1000000e+01  -1.4788500e+01  -8.4022800e-01   1.4960700e+00
   6.2000000e+01  -1.2557400e+00  -1.0713400e+01   3.2820200e+00
   6.3000000e+01  -9.9415800e+00   5.3883500e-01   7.2287700e-01
   6.4000000e+01  -6.2021800e+00  -2.9408200e-01   1.7969800e+00
   6.5000000e+01  -1.1553900e+01   3.7835600e+00   4.5078000e-01
   6.6000000e+01  -1.6939500e+01   5.0104400e+00   6.5135800e-01
   6.7000000e+01  -5.9879600e+00   1.8510800e+00   7.9305700e-01
   6.8000000e+01  -9.6559900e+00   6.8585000e+00   2.0664100e+00
   6.9000000e+01  -1.8262400e+01   3.4239700e+00   1.4500500e+00
   7.0000000e+01  -7.6736400e+00   1.1925500e+01   2.4959100e-01
   7.1000000e+01  -1.3252700e+01   9.0799500e+00  -2.9652400e-01
   7.2000000e+01   8.5321000e-01   1.7806500e+01   4.1847900e-01
   7.3000000e+01  -1.4485100e+01  -1.3630500e+01   5.6593700e-01
   7.4000000e+01  -1.1311100e+01  -1.5385900e+01   2.2182600e-01
   7.5000000e+01  -5.1714000e+00  -7.5950600e+00   1.0413900e+00
   7.6000000e+01   7.0953700e-01  -2.5082200e+00   1.1042400e+00
   7.7000000e+01  -9.2161200e+00  -1.1741500e+01   1.6797000e+00
   7.8000000e+01  -1.0290100e+01  -9.9813700e+00   1.5682200e+00
   7.9000000e+01  -4.4917700e+00  -5.5708600e+00   2.6179500e+00
   8.0000000e+01  -5.5880200e+00   8.0133900e+00   9.7664200e-01
   8.1000000e+01  -9.2890800e+00  -8.1649700e+00   5.6051300e-01
   8.2000000e+01  -1.4755200e+01   1.2055700e+00   1.0644900e+00
   8.3000000e+01  -5.0259700e+00  -2.0038600e+00   1.3650200e+00
   8.4000000e+01  -7.8772300e+00   5.7224800e+00   2.8367400e+00
   8.5000000e+01  -5.7343800e+00   1.0069000e+01   1.5316300e+00
   8.6000000e+01  -9.3824200e+00   1.3088200e+01   1.5299000e+00
   8.7000000e+01  -1.3305000e+01   4.9039300e+00  -4.0487500e-01
   8.8000000e+01  -7.5189300e+00   1.3994800e+01   5.6923900e-01
   8.9000000e+01   8.4558600e-01   1.4147600e+01   6.2054200e-01
   9.0000000e+01  -9.2956300e+00   1.5163000e+01   1.2395500e+00
   9.1000000e+01   3.4758400e+00  -1.8970200e+01   7.2594700e-01
   9.2000000e+01   1.5866100e+00  -1.8015800e+01   1.7873300e+00
   9.3000000e+01  -2.4987800e+00  -1.5408700e+01   1.8257800e+00
   9.4000000e+01  -8.1319300e+00  -1.3526800e+01   1.0255100e+00
   9.5000000e+01  -6.0998400e+00  -9.8802000e+00   5.3433100e-01
   9.6000000e+01   1.2291600e+00  -4.5940000e+00   1.9231600e+00
   9.7000000e+01  -2.0580200e+01  -1.1379600e+00   1.5052100e-01
   9.8000000e+01  -7.0707800e+00  -2.3507300e+00   1.0965500e+00
   9.9000000e+01  -8.0105100e+00   3.6160700e+00   1.5379600e+00
   1.0000000e+02  -5.7375700e+00  -3.9356700e+00   2.5996300e+00
   1.0100000e+02  -7.4552700e-01  -4.0028400e+00   5.5305000e-01
   1.0200000e+02  -1.3175700e+01   1.1139500e+01   1.0270800e+00
   1.0300000e+02  -1.2373600e+00   1.4075100e+01  -3.9052100e-01
   1.0400000e+02  -6.2064300e-01   6.8853300e+00   1.4444800e+00
   1.0500000e+02  -1.1291200e+01   1.2119800e+01   6.9405700e-01
   1.0600000e+02  -6.2513500e+00   1.7891500e+01   1.9148400e+00
   1.0700000e+02  -6.6461400e+00   1.5860900e+01   1.1812700e-01
   1.0800000e+02  -3.4386100e+00   1.7811100e+01  -3.3319400e-01
   1.0900000e+02  -3.2562500e-01  -1.4861100e+01   4.7780100e-01
   1.1000000e+02  -7.1178400e+00  -1.5332500e+01  -1.2290300e-01
   1.1100000e+02  -6.0125900e+00  -1.3568000e+01   3.1536100e-01
   1.1200000e+02  -3.7090800e+00  -9.5790800e+00   1.4112900e+00
   1.1300000e+02   3.2138500e+00  -5.2241600e+00   1.5990300e+00
   1.1400000e+02  -3.1141800e+00  -7.1200000e+00   1.3682700e+00
   1.1500000e+02  -1.1368100e+01  -8.0877500e+00   1.7567300e+00
   1.1600000e+02  -4.3191000e+00   6.2537100e-01   1.6434800e+00
   1.1700000e+02  -1.2883700e+00  -1.9790400e+00   1.0610800e+00
   1.1800000e+02  -7.7753300e+00  -4.3119700e+00   2.2814300e+00
   1.1900000e+02  -7.6598400e+00   7.7852000e+00   9.1431800e-01
   1.2000000e+02  -7.7803200e+00   9.8537500e+00   1.0831400e+00
   1.2100000e+02  -2.9473100e-01   1.5939100e+01   1.4086900e+00
   1.2200000e+02  -4.0584000e+00   2.7007500e+00   1.1074500e+00
   1.2300000e+02  -1.3573100e-01   1.2312400e+01   1.0616800e+00
   1.2400000e+02  -5.4283800e+00   1.4192800e+01   5.0424600e-01
   1.2500000e+02  -4.5169800e+00   1.6040100e+01   5.0319400e-01
   1.2600000e+02  -1.3417900e+00   1.7753200e+01   6.8695500e-01
   1.2700000e+02   1.8399600e-01  -8.0916200e+00   7.2977500e-01
   1.2800000e+02  -6.3425800e+00  -1.7250300e+01   1.3940500e+00
   1.2900000e+02  -3.9385600e+00  -1.3604900e+01   8.8769100e-01
   1.3000000e+02  -7.1428200e+00  -1.1710500e+01   1.4047900e+00
   1.3100000e+02  -2.4675500e+00  -5.1615400e+00   2.1596500e+00
   1.3200000e+02   1.4628100e+00  -1.3840900e+01   2.5175500e+00
   1.3300000e+02   1.6927400e+00  -6.6274800e+00  -2.7458500e-01
   1.3400000e+02   4.1998000e+00  -1.7204100e+00   7.1580800e-01
   1.3500000e+02   7.3406900e+00  -6.5201600e+00   2.0685800e-01
   1.3600000e+02   2.1845600e+00  -1.0618600e+00   8.7941100e-02
   1.3700000e+02  -3.2361300e+00  -3.2321700e+00   4.3406900e-01
   1.3800000e+02  -5.9702900e+00   3.9033700e+00   6.0004500e-01
   1.3900000e+02  -1.9501800e+00   1.0167300e+01  -8.2110800e-01
   1.4000000e+02  -3.6908700e+00   8.9012000e+00   1.4259600e+00
   1.4100000e+02  -5.6134500e+00   1.2145300e+01   2.3319200e+00
   1.4200000e+02  -2.2108400e+00   1.2247900e+01  -6.8834500e-02
   1.4300000e+02  -3.3489600e+00   1.4091000e+01   2.9544000e-01
   1.4400000e+02   4.8585600e+00   1.3270100e+01   8.7032400e-02
   1.4500000e+02   3.4969600e+00  -1.6855200e+01   1.4339300e+00
   1.4600000e+02  -1.7832100e+00  -8.7212100e+00   2.5794100e-01
   1.4700000e+02   5.1196200e+00  -1.3533700e+01   9.3848900e-01
   1.4800000e+02  -5.0947600e+00  -1.1721600e+01   2.0184500e+00
   1.4900000e+02   6.1878300e+00  -2.3281700e+00   1.1438800e+00
   1.5000000e+02  -6.5241000e+00  -6.0555900e+00   1.0167700e-01
   1.5100000e+02  -3.1875400e-01  -6.0506000e+00   1.9834200e+00
   1.5200000e+02   5.2345300e+00  -5.8660000e+00   1.4546400e+00
   1.5300000e+02  -2.9268700e-01   2.2552800e+00   6.5770200e-01
   1.5400000e+02  -7.6373500e-01   3.6352300e-02   9.3414600e-01
   1.5500000e+02  -8.0179000e+00   1.3943100e+00   2.1540900e+00
   1.5600000e+02  -9.8194500e+00   2.6299100e+00   3.3085000e-01
   1.5700000e+02  -3.1658000e-01   4.8208500e+00   2.1090800e-01
   1.5800000e+02  -2.4368100e+00   1.5947900e+01   1.8845100e+00
   1.5900000e+02   9.0073000e+00   1.3285500e+01   6.7832900e-01
   1.6000000e+02   1.9332500e+00   1.2373600e+01   1.8592500e+00
   1.6100000e+02  -3.1095900e-01   8.9375600e+00   5.4199200e-01
   1.6200000e+02  -2.3545600e+00   1.9586600e+01   1.9879300e+00
   1.6300000e+02  -2.1987600e+00  -1.7443100e+01   1.3443700e+00
   1.6400000e+02  -5.3955500e+00  -1.9182600e+01   2.4144800e+00
   1.6500000e+02   3.3221800e+00  -1.4770600e+01  -3.9066200e-01
   1.6600000e+02   4.7997400e+00  -1.1450500e+01   1.3502900e+00
   1.6700000e+02   2.7120300e+00  -1.0689100e+01   1.9181000e+00
   1.6800000e+02  -1.8008000e+00  -1.3402900e+01   3.5861400e-01
   1.6900000e+02   5.5161500e+00   3.9761300e+00   1.5786300e+00
   1.7000000e+02   2.1673600e+00  -8.6383200e+00   1.1726200e+00
   1.7100000e+02   8.9189100e+00   2.2228200e+00   4.2468100e-01
   1.7200000e+02   3.7770800e+00   2.8721100e-01  -1.1693400e+00
   1.7300000e+02  -8.2331700e+00  -6.4450800e-01   2.1347400e+00
   1.7400000e+02   1.1691900e+00   7.7399800e-01   2.0195400e+00
   1.7500000e+02  -3.9042900e+00   6.8256300e+00   5.1431600e-01
   1.7600000e+02   6.9845100e+00   9.6136200e+00   3.9145600e-01
   1.7700000e+02  -2.1262100e+00   3.4780400e+00   1.6813800e+00
   1.7800000e+02   9.6981000e-01   1.0545800e+01   1.8438300e+00
   1.7900000e+02   4.2688200e+00   1.5771200e+01  -2.2546000e-02
   1.8000000e+02   2.3995100e+00   1.9470000e+01   1.1649600e+00
   1.8100000e+02   6.1840900e+00  -9.9192900e+00   1.0396800e+00
   1.8200000e+02  -1.8698400e-01  -1.6933000e+01   2.3949000e+00
   1.8300000e+02  -4.2806000e+00  -1.7331700e+01   8.8767100e-01
   1.8400000e+02   1.5577100e-01  -1.2220300e+01   1.1997800e+00
   1.8500000e+02   4.2123900e+00  -9.2657600e+00  -3.0351700e-01
   1.8600000e+02   5.2986900e+00  -1.7929200e+01   1.4556600e+00
   1.8700000e+02   5.7641300e+00  -7.8995400e+00   5.5410500e-01
   1.8800000e+02   7.7331800e+00   3.9981300e+00   1.5115900e+00
   1.8900000e+02   4.6431400e+00  -3.7513700e+00  -3.3847200e-01
   1.9000000e+02  -4.1082800e+00   4.7586800e+00   8.6440700e-01
   1.9100000e+02   1.3419800e+00   7.6981700e+00   2.8446300e-01
   1.9200000e+02   1.3366600e+00   3.5818200e+00   1.7091200e+00
   1.9300000e+02   4.4979000e+00   5.8143800e+00   6.3166400e-01
   1.9400000e+02   2.7871800e+00   9.5507200e+00   1.0191900e+00
   1.9500000e+02   7.5637300e+00   7.6299900e+00   9.7433800e-01
   1.9600000e+02   3.7713700e+00   1.1391800e+01   4.9606600e-01
   1.9700000e+02   7.8558500e+00   1.6683100e+01   1.0831400e+00
   1.9800000e+02   4.9703700e+00   1.9258200e+01   1.4821400e+00
   1.9900000e+02   7.2962200e-01  -1.0140000e+01   1.7883900e+00
   2.0000000e+02   1.6071800e+00  -1.5934000e+01   4.8485700e-01
   2.0100000e+02   5.2338200e+00  -1.5623100e+01   1.7568500e+00
   2.0200000e+02   1.3807000e+01  -1.0892200e+01   2.4259100e+00
   2.0300000e+02   9.6595200e+00  -7.7328700e+00   2.4797500e+00
   2.0400000e+02   8.3003900e+00  -2.8020500e+00   8.0460900e-01
   2.0500000e+02   6.7273500e+00  -1.2241500e+01   1.2107100e+00
   2.0600000e+02   3.4243700e+00   4.0488700e+00   1.5364400e+00
   2.0700000e+02   2.6708300e+00  -3.1118500e+00   1.0286400e+00
   2.0800000e+02   1.2115600e+01  -1.3997900e+00   1.0942200e+00
   2.0900000e+02   8.1067600e+00  -6.4646200e-01   9.8324400e-01
   2.1000000e+02   7.0965500e+00   1.2527800e+00  -1.7389700e-01
   2.1100000e+02  -3.1580900e+00  -1.0911100e+00   1.0161500e+00
   2.1200000e+02   9.6295100e+00   7.7300300e+00   2.3965000e-01
   2.1300000e+02   2.1375600e+00   5.7894400e+00  -5.2164400e-01
   2.1400000e+02  -2.3054800e+00   1.3823900e+00   3.5412300e-01
   2.1500000e+02   7.9732500e+00   1.1460300e+01   1.8589400e+00
   2.1600000e+02   5.6834300e+00   1.7322200e+01   1.4391200e+00
   2.1700000e+02   5.2828800e+00  -2.0039600e+01   1.5372100e+00
   2.1800000e+02   1.4094000e+00  -2.0083500e+01  -6.6741700e-01
   2.1900000e+02   1.0975300e+01  -1.5604400e+01   6.5873000e-01
   2.2000000e+02   7.7680700e+00  -8.5678700e+00   1.3881000e+00
   2.2100000e+02   3.1692200e+00  -1.2701500e+01   4.4410600e-01
   2.2200000e+02   1.2505400e+01  -5.5664500e+00   4.9051400e-01
   2.2300000e+02   5.1045300e+00   1.9464200e+00   7.6175600e-01
   2.2400000e+02   5.7464800e+00  -3.1175900e-01   1.1713200e+00
   2.2500000e+02   3.3940800e+00   7.5548000e+00   2.0757600e+00
   2.2600000e+02   8.6676100e+00   5.8902800e+00   1.4422700e+00
   2.2700000e+02  -2.2327400e+00   5.5988200e+00   3.8625200e-01
   2.2800000e+02   1.1865100e+01   4.2517700e+00   1.0868500e+00
   2.2900000e+02   1.0970600e+01   2.3960500e+00   2.4941000e+00
   2.3000000e+02   6.9308000e+00   1.3249000e+01   6.0284300e-01
   2.3100000e+02   4.8485300e+00   9.6305700e+00   1.4538700e+00
   2.3200000e+02  -1.1152800e-01   1.9634700e+01   8.9064100e-01
   2.3300000e+02   3.2985000e+00   1.7611600e+01   2.1168000e+00
   2.3400000e+02   5.4674600e+00   7.6587100e+00   7.7505200e-01
   2.3500000e+02   8.1120500e+00  -1.0689600e+01   8.2475000e-01
   2.3600000e+02  -3.0358200e+00  -1.1748500e+01  -7.7825800e-01
   2.3700000e+02   1.0002800e+01  -9.8387300e+00   1.9199300e+00
   2.3800000e+02   9.0921200e+00  -1.3865500e+01   2.0587100e-01
   2.3900000e+02   8.9116500e+00  -1.5942200e+01   1.5725500e+00
   2.4000000e+02   6.5730200e+00   5.8094600e+00   9.2574500e-01
   2.4100000e+02   2.7511300e+00   2.0745900e+00   9.9415000e-01
   2.4200000e+02   3.6924600e+00  -7.2506100e+00   7.9730800e-01
   2.4300000e+02   1.8435800e+01   3.7522100e+00   1.0904200e+00
   2.4400000e+02   1.3956900e+01  -4.0186400e-01   1.6267700e+00
   2.4500000e+02   1.4326800e+01   7.7363400e+00   5.7320700e-01
   2.4600000e+02   1.3644300e+01   9.7222900e+00   4.1989400e-01
   2.4700000e+02   1.8085600e+01   6.0342700e+00   1.3881200e-01
   2.4800000e+02   3.0000500e+00   1.4143900e+01  -3.9786100e-01
   2.4900000e+02   1.0123900e+01   1.1554600e+01   6.6634900e-01
   2.5000000e+02   1.4745800e+01   5.6482600e+00   6.6436700e-01
   2.5100000e+02   1.9382500e+01   8.6570600e-01   9.8981000e-01
   2.5200000e+02   1.9223300e+00   1.5974000e+01   1.4720400e+00
   2.5300000e+02   6.9955300e+00  -1.4472700e+01   3.8097800e-01
   2.5400000e+02   6.9919700e+00  -1.6715200e+01   7.5106300e-01
   2.5500000e+02   1.7940600e+01  -2.3809100e+00   8.6085300e-01
   2.5600000e+02   1.2037900e+01  -9.5157300e+00   2.1953000e+00
   2.5700000e+02   1.0468600e+01  -5.8073400e+00   3.9552400e-01
   2.5800000e+02   8.6297600e+00  -4.8943800e+00  -5.8783500e-01
   2.5900000e+02   1.5669800e+01   2.7490200e+00   8.5785400e-01
   2.6000000e+02   1.4274300e+01  -6.6640700e+00   9.3696900e-02
   2.6100000e+02   1.5956200e+01  -7.8594000e+00   1.0649000e+00
   2.6200000e+02   1.2794200e+01   6.3133100e+00   9.7455700e-01
   2.6300000e+02   1.2357200e+01  -3.4935400e+00   1.4461500e+00
   2.6400000e+02   1.0017900e+01   4.5172900e-01   1.7191800e+00
   2.6500000e+02   1.1652300e+01   8.0506800e+00   8.0018700e-01
   2.6600000e+02   1.6283100e+01   7.0372500e+00   1.6628600e+00
   2.6700000e+02   1.2228100e+01   1.2178500e+01   1.9227900e+00
   2.6800000e+02   9.4145600e+00   1.5323100e+01   2.1767700e-01
   2.6900000e+02   5.8485500e+00   1.1429600e+01   2.1831300e+00
   2.7000000e+02   6.3169400e+00   1.5234000e+01   9.6266700e-01
   2.7100000e+02  -3.7264900e-01  -1.8994400e+01   6.4007300e-01
   2.7200000e+02   6.6368400e+00  -4.3352000e+00   1.4142800e+00
   2.7300000e+02   9.7572300e+00  -1.1921200e+01   1.8345800e+00
   2.7400000e+02   1.1818800e+01  -1.1572700e+01   1.2033800e+00
   2.7500000e+02   1.5722900e+01   6.6997500e-01   1.8581900e+00
   2.7600000e+02   1.4154600e+01  -2.4932200e+00   1.5221500e+00
   2.7700000e+02   1.3855500e+01   3.7398700e+00   2.4370800e+00
   2.7800000e+02   1.2092800e+01   6.6835700e-01   1.1521700e+00
   2.7900000e+02   1.0277700e+01  -3.6592800e+00   4.3978000e-01
   2.8000000e+02   1.6135000e+01  -3.5383800e+00   1.7799700e+00
   2.8100000e+02   1.0745300e+01   5.9816000e+00   9.7202100e-01
   2.8200000e+02   1.5934300e+01  -1.4176300e+00   8.5767400e-01
   2.8300000e+02   1.6541800e+01   4.6487600e+00   2.0611700e+00
   2.8400000e+02   9.8124400e+00   4.1070300e+00   1.3586600e+00
   2.8500000e+02   1.3896900e+01   1.6771300e+00  -4.9875900e-01
   2.8600000e+02   1.1598200e+01   1.0133200e+01   1.1868800e+00
   2.8700000e+02   9.1108200e+00   9.7317800e+00   4.0750600e-01
   2.8800000e+02   1.1024300e+01   1.3873000e+01   9.6015400e-01
   2.8900000e+02   1.1427800e+01  -1.3599500e+01   2.6341600e-02
   2.9000000e+02   1.3384500e+01  -1.2931300e+01   5.8691400e-01
   2.9100000e+02   1.6102800e+01  -5.6628300e+00  -5.3476700e-01
   2.9200000e+02   1.1728800e+01  -7.4859700e+00   1.4143600e+00
   2.9300000e+02   1.7656000e+01  -2.7625900e-01   8.0452200e-01
   2.9400000e+02   1.5640000e+01  -9.9056000e+00   1.9344700e+00
   2.9500000e+02   1.3951400e+01  -8.7072800e+00   1.3909500e+00
   2.9600000e+02   2.0270500e+01   2.8178400e+00   2.2836600e+00
   2.9700000e+02   1.4315300e+01  -4.5686000e+00   1.0647200e+00
   2.9800000e+02   1.7527400e+01   1.7904500e+00   1.0566800e+00
   2.9900000e+02   1.0000000e+01  -1.6184800e+00   1.6845800e+00
   3.0000000e+02   1.8068500e+01  -5.0512600e+00   9.9125700e-01
