   1.0000000e+00  -1.3973700e+01  -6.5216000e+00   3.3225400e-01
   2.0000000e+00  -1.3975900e+01  -1.2055500e+01   6.6905700e-01
   3.0000000e+00  -1.7475300e+01  -9.7678400e+00   1.4132000e+00
   4.0000000e+00  -1.7533700e+01  -2.9059700e-01   1.4097900e+00
   5.0000000e+00  -1.6261300e+01  -3.7165200e+00   7.1391800e-01
   6.0000000e+00  -1.2395400e+01  -3.7718300e+00   6.6853300e-01
   7.0000000e+00  -1.4322300e+01  -1.0258300e-01   8.3055600e-01
   8.0000000e+00  -1.7934300e+01  -5.0162000e+00   7.4166400e-01
   9.0000000e+00  -1.5847600e+01  -1.3199800e+01   1.2699900e+00
   1.0000000e+01  -1.7602300e+01  -7.0465900e+00   1.3607100e+00
   1.1000000e+01  -2.1165900e+01   3.1953100e+00   1.1180000e+00
   1.2000000e+01  -1.7728100e+01   7.7940000e+00   1.4065300e-01
   1.3000000e+01  -2.1395100e+01   5.8618300e+00   1.0264000e+00
   1.4000000e+01  -1.7918200e+01   1.0177400e+01   1.7493700e+00
   1.5000000e+01  -1.8049900e+01  -2.4348100e+00   1.1841200e+00
   1.6000000e+01  -1.4312300e+01   7.7518600e+00   1.5095400e+00
   1.7000000e+01  -1.3852500e+01   1.4178300e+01   7.5076300e-01
   1.8000000e+01  -1.6004300e+01   1.1127100e+01   6.7068300e-01
   1.9000000e+01  -1.2991800e+01  -1.3902500e+01   1.0892500e+00
   2.0000000e+01  -1.0564600e+01  -4.8153200e+00   6.1871300e-01
   2.1000000e+01  -1.0617500e+01  -1.6135300e+01   1.0395100e+00
   2.2000000e+01  -1.1891900e+01  -6.4434400e+00   6.7537300e-01
   2.3000000e+01  -1.0591300e+01  -2.7485900e+00   1.3031900e+00
   2.4000000e+01  -1.9558000e+01  -6.3071600e+00   1.0928000e+00
   2.5000000e+01  -1.5940300e+01  -5.8127900e+00   1.1328900e+00
   2.6000000e+01  -1.4055100e+01   2.8829600e+00   9.6723400e-01
   2.7000000e+01  -1.9596700e+01  -1.5861400e-01   7.9076900e-01
   2.8000000e+01  -1.0651100e+01   5.4333400e+00   1.9210100e+00
   2.9000000e+01  -1.2563000e+01   6.3798500e+00   1.8793000e+00
   3.0000000e+01  -1.0595800e+01   9.7262800e+00   9.5110600e-01
   3.1000000e+01  -1.9376700e+01   6.4909800e+00   5.1982600e-01
   3.2000000e+01  -1.4336700e+01  -4.4610100e+00   1.5555700e+00
   3.3000000e+01  -1.6002700e+01   6.5785000e+00   9.6720500e-01
   3.4000000e+01  -1.5991700e+01   8.9826800e+00   2.0218100e+00
   3.5000000e+01  -2.0096300e+01  -2.1768400e+00  -4.5317200e-01
   3.6000000e+01  -8.9895700e+00   1.7750800e+01   2.0447800e+00
   3.7000000e+01  -8.5400000e+00  -1.0670200e+01   1.4964400e+00
   3.8000000e+01  -1.0928800e+01  -1.4090000e+01   9.1680700e-01
   3.9000000e+01  -9.6809900e+00  -1.8010800e+01   1.2693700e+00
   4.0000000e+01  -1.5631400e+01  -1.0802600e+01   1.7685200e+00
   4.1000000e+01  -1.1805400e+01  -1.2206500e+01   1.3274900e+00
   4.2000000e+01  -1.6066600e+01   3.5910400e+00   1.5809400e+00
   4.3000000e+01  -9.2632300e+00  -6.6080700e+00   9.4954400e-01
   4.4000000e+01  -1.5723000e+01  -7.8742400e+00   8.4018900e-01
   4.5000000e+01  -1.2152400e+01  -1.0030700e+00   9.6855900e-03
   4.6000000e+01  -1.3891900e+01  -2.2373700e+00   4.4926000e-01
   4.7000000e+01  -6.4434400e+00   5.8935200e+00   1.2339500e+00
   4.8000000e+01  -1.2283700e+01   1.0951400e+01   8.1781500e-01
   4.9000000e+01  -1.0404900e+01   1.1829600e+01   1.2208200e+00
   5.0000000e+01  -1.7721800e+01   2.3367700e+00   1.1173000e+00
   5.1000000e+01  -1.2500800e+01   8.8451600e+00   1.1879100e+00
   5.2000000e+01  -3.7535500e+00   1.2378800e+01   1.5423600e+00
   5.3000000e+01  -6.1557300e+00   2.0332300e+01   1.1225600e+00
   5.4000000e+01  -1.2000400e+01   1.5092600e+01  -2.9435000e-01
   5.5000000e+01  -2.4922200e+00  -2.0486300e+01   6.1060300e-01
   5.6000000e+01  -1.3782000e+01  -8.6067600e+00   1.5453000e+00
   5.7000000e+01  -1.2702800e+01  -1.0353300e+01   1.3578800e+00
   5.8000000e+01  -5.8936500e+00  -1.6500900e+01   8.9892000e-01
   5.9000000e+01  -1.2678500e+01   1.3271900e+00   1.0497300e+00
   6.0000000e+01  -7.5986600e+00  -8.7455300e+00   1.7399900e+00
   6.1000000e+01  -1.5869500e+01  -1.5972200e+00   8.7197100e-01
   6.2000000e+01  -1.7674200e+00  -1.1774000e+01   1.9379900e+00
   6.3000000e+01  -1.0595500e+01   8.9739100e-01   1.0129800e+00
   6.4000000e+01  -7.6333000e+00  -2.1049400e-01   1.0313100e+00
   6.5000000e+01  -1.2481800e+01   4.3157000e+00   1.0713700e+00
   6.6000000e+01  -1.7607400e+01   5.2424800e+00   8.3019100e-01
   6.7000000e+01  -6.0594500e+00   1.2682400e+00   1.0620900e+00
   6.8000000e+01  -1.0868500e+01   7.5482400e+00   1.8143300e+00
   6.9000000e+01  -1.9214900e+01   3.8651400e+00   1.1331900e+00
   7.0000000e+01  -8.4607000e+00   1.2490600e+01   1.3034500e+00
   7.1000000e+01  -1.4205000e+01   1.0045500e+01   4.6456900e-02
   7.2000000e+01   1.2549400e+00   1.9058600e+01   4.5855300e-01
   7.3000000e+01  -1.4721100e+01  -1.5066700e+01   1.4896700e+00
   7.4000000e+01  -1.2829800e+01  -1.5973800e+01   8.5800800e-01
   7.5000000e+01  -5.8268400e+00  -7.6854500e+00   1.6288300e+00
   7.6000000e+01   7.2807300e-01  -1.9264900e+00   1.2972400e+00
   7.7000000e+01  -9.7297500e+00  -1.2392900e+01   1.4675300e+00
   7.8000000e+01  -1.0633400e+01  -1.0499900e+01   1.5367000e+00
   7.9000000e+01  -4.6887900e+00  -5.8922400e+00   2.0908600e+00
   8.0000000e+01  -6.9554500e+00   8.9616900e+00   9.3391400e-01
   8.1000000e+01  -9.6674800e+00  -8.6607100e+00   1.3757400e+00
   8.2000000e+01  -1.5706900e+01   1.4274000e+00   1.2169200e+00
   8.3000000e+01  -5.8969000e+00  -2.2694100e+00   6.6495100e-01
   8.4000000e+01  -8.6385200e+00   6.2432300e+00   2.2111000e+00
   8.5000000e+01  -6.5761800e+00   1.1004800e+01   1.0232500e+00
   8.6000000e+01  -1.0253400e+01   1.3921800e+01   1.7463000e+00
   8.7000000e+01  -1.4441700e+01   4.9947600e+00   9.1289400e-01
   8.8000000e+01  -8.3041700e+00   1.4555300e+01   1.0650600e+00
   8.9000000e+01   5.5121700e-01   1.5330100e+01   1.1024600e+00
   9.0000000e+01  -1.0062200e+01   1.5980000e+01   1.8674600e+00
   9.1000000e+01   3.8190500e+00  -1.9505700e+01   8.5950900e-01
   9.2000000e+01   1.8024000e+00  -1.8724300e+01   1.3734900e+00
   9.3000000e+01  -3.2288100e+00  -1.6453600e+01   1.6788600e+00
   9.4000000e+01  -8.7583300e+00  -1.4222600e+01   7.8017900e-01
   9.5000000e+01  -5.9934600e+00  -1.0057800e+01   7.2834600e-01
   9.6000000e+01   6.9766600e-01  -5.0521300e+00   2.3968900e+00
   9.7000000e+01  -2.1606600e+01  -7.3150900e-01   3.2434800e-01
   9.8000000e+01  -7.9922600e+00  -2.2636100e+00   1.2533100e+00
   9.9000000e+01  -9.0139700e+00   4.1932900e+00   9.6381600e-01
   1.0000000e+02  -6.1271900e+00  -4.3191200e+00   1.9036100e+00
   1.0100000e+02  -1.7113900e+00  -4.5842400e+00   9.9791900e-01
   1.0200000e+02  -1.4161100e+01   1.2140100e+01   5.9761100e-01
   1.0300000e+02  -1.4480600e+00   1.5870700e+01   1.7654800e-01
   1.0400000e+02  -1.2503700e+00   7.8498000e+00   9.1696900e-01
   1.0500000e+02  -1.2110600e+01   1.3003300e+01   1.5047500e-01
   1.0600000e+02  -7.0149900e+00   1.8452500e+01   1.2051700e+00
   1.0700000e+02  -7.3507400e+00   1.6380900e+01   8.1358800e-01
   1.0800000e+02  -4.5640700e+00   1.8877500e+01   9.8822300e-01
   1.0900000e+02  -4.1865300e-01  -1.5972500e+01   8.0624300e-01
   1.1000000e+02  -8.4344000e+00  -1.6308200e+01   8.2827400e-01
   1.1100000e+02  -6.7070500e+00  -1.4577400e+01   7.2610900e-01
   1.1200000e+02  -4.2124100e+00  -1.1173700e+01   1.0707500e+00
   1.1300000e+02   2.4898700e+00  -6.1492800e+00   1.3664400e+00
   1.1400000e+02  -3.8134000e+00  -8.1986200e+00   1.6992700e+00
   1.1500000e+02  -1.1732500e+01  -8.5336100e+00   1.0467500e+00
   1.1600000e+02  -4.8409200e+00  -4.6146700e-01   1.6906200e+00
   1.1700000e+02  -1.3062300e+00  -2.5410500e+00   1.1765700e+00
   1.1800000e+02  -8.3063800e+00  -4.3716000e+00   1.7129400e+00
   1.1900000e+02  -8.9059000e+00   8.3017200e+00   1.1956500e+00
   1.2000000e+02  -8.6223500e+00   1.0418100e+01   5.2635200e-01
   1.2100000e+02  -9.0787900e-03   1.7358400e+01   7.3934100e-01
   1.2200000e+02  -3.9493400e+00   1.7372500e+00   1.3078300e+00
   1.2300000e+02  -1.0150400e-02   1.3326600e+01   7.1627100e-01
   1.2400000e+02  -5.3804000e+00   1.4873900e+01   5.7323300e-01
   1.2500000e+02  -5.3585400e+00   1.6960600e+01   1.5270600e+00
   1.2600000e+02  -1.0378900e+00   1.9181600e+01   1.2349600e+00
   1.2700000e+02  -4.7745300e-01  -9.9832900e+00   7.2816600e-01
   1.2800000e+02  -7.5196700e+00  -1.8161800e+01   1.4615900e+00
   1.2900000e+02  -4.5197100e+00  -1.4787200e+01   9.8431000e-01
   1.3000000e+02  -7.5131700e+00  -1.2509600e+01   5.7855500e-01
   1.3100000e+02  -2.6659000e+00  -6.4239900e+00   7.4411100e-01
   1.3200000e+02   1.2011500e+00  -1.4615600e+01   1.5674800e+00
   1.3300000e+02   9.0890700e-01  -7.5820200e+00   2.8248200e-01
   1.3400000e+02   4.6034700e+00  -2.2616700e+00   5.9354800e-01
   1.3500000e+02   6.7395000e+00  -6.9341500e+00   7.7562700e-01
   1.3600000e+02   2.7285900e+00  -1.3387000e+00   4.5704400e-01
   1.3700000e+02  -3.8805000e+00  -3.2820800e+00  -9.0903300e-02
   1.3800000e+02  -6.0978700e+00   3.4720200e+00   9.0602600e-01
   1.3900000e+02  -2.9849700e+00   1.0456000e+01   1.9078900e-01
   1.4000000e+02  -4.9241500e+00   9.5768300e+00   7.9151500e-01
   1.4100000e+02  -6.4526200e+00   1.3071300e+01   2.0177800e+00
   1.4200000e+02  -2.2685500e+00   1.3955200e+01   2.9478800e-01
   1.4300000e+02  -3.5149100e+00   1.5945200e+01   5.7319500e-01
   1.4400000e+02   4.7998200e+00   1.3931800e+01  -2.0580000e-03
   1.4500000e+02   3.4670400e+00  -1.7442200e+01   1.4579400e+00
   1.4600000e+02  -2.5614200e+00  -9.8533700e+00   3.3762700e-01
   1.4700000e+02   6.1103100e+00  -1.4433000e+01   1.1706200e+00
   1.4800000e+02  -5.4534100e+00  -1.2938800e+01   1.8272000e+00
   1.4900000e+02   6.7550400e+00  -2.6586500e+00   1.0520800e+00
   1.5000000e+02  -7.1898400e+00  -6.1164900e+00  -5.2221700e-03
   1.5100000e+02  -1.4192700e+00  -8.1071800e+00   1.0108500e+00
   1.5200000e+02   4.5238800e+00  -6.5136500e+00   1.2890000e+00
   1.5300000e+02   1.2483400e+00   2.3542900e+00   4.5819000e-01
   1.5400000e+02  -9.1899500e-01  -2.8004700e-01   8.3290800e-01
   1.5500000e+02  -8.8882900e+00   2.1175700e+00   1.0201300e+00
   1.5600000e+02  -1.0821400e+01   2.9726100e+00   1.1916500e+00
   1.5700000e+02  -9.1688800e-01   5.6351400e+00   6.3830900e-01
   1.5800000e+02  -2.5206200e+00   1.7765500e+01   1.0434900e+00
   1.5900000e+02   1.0708100e+01   1.4342000e+01   1.6816500e+00
   1.6000000e+02   2.0584900e+00   1.3880500e+01   2.0636700e+00
   1.6100000e+02  -9.4294700e-01   9.9302400e+00   1.3989800e+00
   1.6200000e+02  -2.8629800e+00   2.0231400e+01   1.1541400e+00
   1.6300000e+02  -2.3837900e+00  -1.8353200e+01   1.6130500e+00
   1.6400000e+02  -6.2526900e+00  -1.9811700e+01   1.6729300e+00
   1.6500000e+02   3.2943800e+00  -1.5376600e+01   6.3986200e-01
   1.6600000e+02   5.2875300e+00  -1.2533200e+01   1.3446100e+00
   1.6700000e+02   2.9077700e+00  -1.1282900e+01   2.0822800e+00
   1.6800000e+02  -2.0641400e+00  -1.4669200e+01   9.5656700e-01
   1.6900000e+02   5.7336500e+00   3.9819600e+00   1.8662900e+00
   1.7000000e+02   1.5483900e+00  -9.6138900e+00   8.0749400e-01
   1.7100000e+02   9.6362900e+00   2.3287500e+00   7.0399200e-01
   1.7200000e+02   4.2421100e+00   1.1334900e-01   3.8506700e-01
   1.7300000e+02  -9.6125900e+00  -9.2375700e-01   1.7216000e+00
   1.7400000e+02   1.2547800e+00   2.9506700e-01   1.4327600e+00
   1.7500000e+02  -4.9650900e+00   7.3579300e+00  -5.2899400e-01
   1.7600000e+02   7.2275200e+00   1.0707100e+01   1.2632700e+00
   1.7700000e+02  -6.6910500e-01   3.5080700e+00   1.5760100e+00
   1.7800000e+02   7.3047300e-01   1.1371100e+01   1.7649700e+00
   1.7900000e+02   4.4837100e+00   1.7273300e+01  -6.1642200e-01
   1.8000000e+02   3.3679100e+00   2.1129900e+01   7.0662900e-01
   1.8100000e+02   6.9481000e+00  -1.0798200e+01   1.8044800e+00
   1.8200000e+02  -1.3855400e-01  -1.8037300e+01   1.6383900e+00
   1.8300000e+02  -4.5439000e+00  -1.8164600e+01   1.0866900e+00
   1.8400000e+02  -4.3274900e-01  -1.3338700e+01   7.2938600e-01
   1.8500000e+02   4.8634100e+00  -1.0517300e+01   4.1574500e-02
   1.8600000e+02   5.8330100e+00  -1.8985400e+01   2.5057000e-01
   1.8700000e+02   5.3873800e+00  -8.4943600e+00   9.5627800e-01
   1.8800000e+02   7.4604500e+00   2.8399800e+00   1.4514800e+00
   1.8900000e+02   4.4860600e+00  -4.4527900e+00   6.5404400e-01
   1.9000000e+02  -4.2109300e+00   4.6389700e+00   1.0396000e+00
   1.9100000e+02   8.5853100e-01   8.6233100e+00   9.1444400e-01
   1.9200000e+02   2.5018400e+00   4.0707100e+00   1.2072900e+00
   1.9300000e+02   4.9591400e+00   7.3016300e+00   6.1449800e-01
   1.9400000e+02   3.0842200e+00   1.0240500e+01   1.0419000e+00
   1.9500000e+02   8.1115500e+00   8.8272100e+00   7.4939000e-01
   1.9600000e+02   3.3954600e+00   1.2279700e+01   1.1651700e+00
   1.9700000e+02   8.5711000e+00   1.7893000e+01   3.4067100e-01
   1.9800000e+02   5.5092100e+00   2.0062200e+01   1.2308100e+00
   1.9900000e+02   8.3610800e-01  -1.1697400e+01   9.4216400e-01
   2.0000000e+02   1.5448900e+00  -1.6666200e+01   4.0602100e-01
   2.0100000e+02   5.1619700e+00  -1.6264400e+01   6.3237100e-01
   2.0200000e+02   1.4622400e+01  -1.1565800e+01   2.4334700e+00
   2.0300000e+02   1.0289000e+01  -8.3805700e+00   1.7217200e+00
   2.0400000e+02   8.8006900e+00  -3.4118500e+00   8.3696900e-01
   2.0500000e+02   7.5122000e+00  -1.2874800e+01   1.3883000e+00
   2.0600000e+02   4.1703700e+00   5.3939200e+00   1.0713200e+00
   2.0700000e+02   2.1873000e+00  -3.4588700e+00   1.1414000e+00
   2.0800000e+02   1.2476800e+01  -1.5391100e+00   7.5799100e-01
   2.0900000e+02   8.3305800e+00  -1.2824500e+00   7.7554500e-01
   2.1000000e+02   8.0129400e+00   8.1884700e-01   5.3541000e-01
   2.1100000e+02  -2.8632200e+00  -1.1753100e+00   1.0370200e+00
   2.1200000e+02   1.0315700e+01   8.7345500e+00   7.5567500e-01
   2.1300000e+02   1.9212600e+00   6.3775800e+00   6.9724400e-01
   2.1400000e+02  -1.8434000e+00   1.7450300e+00   8.7115500e-02
   2.1500000e+02   8.7392000e+00   1.2682700e+01   2.1263400e+00
   2.1600000e+02   6.3848000e+00   1.8161700e+01   1.9132200e+00
   2.1700000e+02   5.4800100e+00  -2.1003100e+01   8.8984700e-01
   2.1800000e+02   2.3743900e+00  -2.1003100e+01  -4.9368800e-01
   2.1900000e+02   1.1124300e+01  -1.6340600e+01   1.7375900e+00
   2.2000000e+02   8.3516600e+00  -9.1182500e+00   2.0046000e-01
   2.2100000e+02   2.8380900e+00  -1.3344000e+01   3.7169300e-01
   2.2200000e+02   1.3056300e+01  -5.6888500e+00   1.0597800e+00
   2.2300000e+02   5.7078600e+00   1.6519100e+00   4.4672400e-01
   2.2400000e+02   6.2169700e+00  -5.5407100e-01   1.8350200e+00
   2.2500000e+02   2.9418300e+00   8.1697400e+00   9.2458300e-01
   2.2600000e+02   9.0462600e+00   5.7353000e+00   1.4781100e+00
   2.2700000e+02  -2.9090700e+00   6.4942000e+00   8.1487100e-01
   2.2800000e+02   1.2625900e+01   4.9315400e+00   9.7387900e-01
   2.2900000e+02   1.2658000e+01   2.6984900e+00   1.6441800e+00
   2.3000000e+02   7.7420800e+00   1.4501900e+01   5.7109900e-01
   2.3100000e+02   5.1624900e+00   1.1203400e+01   1.3768000e+00
   2.3200000e+02   8.4965000e-02   2.0919100e+01   9.8572800e-01
   2.3300000e+02   3.3916800e+00   1.9059100e+01   1.8408700e+00
   2.3400000e+02   5.7907200e+00   9.2197600e+00   7.8008400e-01
   2.3500000e+02   8.9761200e+00  -1.1377900e+01   1.1937700e+00
   2.3600000e+02  -3.3878900e+00  -1.3066800e+01   4.0903100e-01
   2.3700000e+02   1.0838300e+01  -1.0483900e+01   1.4255500e+00
   2.3800000e+02   9.9055500e+00  -1.4570400e+01   9.6326600e-01
   2.3900000e+02   9.2585600e+00  -1.7254000e+01   1.9878100e+00
   2.4000000e+02   6.8827500e+00   6.1695100e+00   5.8203500e-01
   2.4100000e+02   3.6791500e+00   2.2416700e+00   6.0760600e-01
   2.4200000e+02   3.2010500e+00  -8.1184100e+00   6.4785100e-01
   2.4300000e+02   1.9436300e+01   3.1025500e+00   1.6343600e+00
   2.4400000e+02   1.4492800e+01  -1.1247600e+00   1.1519300e+00
   2.4500000e+02   1.5387700e+01   7.1010300e+00   7.3223300e-01
   2.4600000e+02   1.4458800e+01   1.0167500e+01   1.1014500e+00
   2.4700000e+02   1.8923000e+01   6.9688500e+00   3.1890700e-01
   2.4800000e+02   3.4356700e+00   1.5484500e+01   5.3301200e-02
   2.4900000e+02   1.0750100e+01   1.2252000e+01   3.9846800e-01
   2.5000000e+02   1.6085700e+01   5.1530500e+00   9.3664900e-01
   2.5100000e+02   2.0013800e+01   3.5095100e-01   7.8412500e-01
   2.5200000e+02   2.2719400e+00   1.7203700e+01   1.9205500e+00
   2.5300000e+02   7.9940600e+00  -1.5433000e+01   3.0360000e-01
   2.5400000e+02   7.1041900e+00  -1.7338500e+01   9.7024000e-01
   2.5500000e+02   1.8795700e+01  -3.2136300e+00   1.5139500e+00
   2.5600000e+02   1.2811100e+01  -9.6630300e+00   1.2870000e+00
   2.5700000e+02   1.0780300e+01  -6.2602100e+00   8.1915600e-01
   2.5800000e+02   8.6872700e+00  -6.1167600e+00  -1.0420200e-01
   2.5900000e+02   1.6476400e+01   3.0036300e+00   1.2363300e+00
   2.6000000e+02   1.4392500e+01  -7.3093700e+00   4.4806300e-01
   2.6100000e+02   1.6350000e+01  -7.9670100e+00   5.4575200e-01
   2.6200000e+02   1.3338900e+01   6.9011100e+00   1.6845000e+00
   2.6300000e+02   1.2863300e+01  -3.6285500e+00   1.7792400e+00
   2.6400000e+02   1.0539100e+01   4.2935900e-01   1.4821600e+00
   2.6500000e+02   1.2451000e+01   8.8097100e+00   1.0355800e+00
   2.6600000e+02   1.7205700e+01   8.1443900e+00   1.3119400e+00
   2.6700000e+02   1.2684200e+01   1.3198500e+01   8.8394300e-01
   2.6800000e+02   9.5989600e+00   1.6088100e+01   4.2901400e-01
   2.6900000e+02   6.6575200e+00   1.2693600e+01   1.4489900e+00
   2.7000000e+02   6.2547500e+00   1.5968200e+01   1.1309600e+00
   2.7100000e+02   1.9465500e-01  -2.0066000e+01   6.6269500e-02
   2.7200000e+02   7.0718500e+00  -4.8175600e+00   2.1122700e+00
   2.7300000e+02   1.0651300e+01  -1.2620100e+01   1.5579200e+00
   2.7400000e+02   1.2520100e+01  -1.1753400e+01   1.6998100e+00
   2.7500000e+02   1.6343500e+01   3.6160700e-01   2.0374000e+00
   2.7600000e+02   1.4899100e+01  -3.3328500e+00   9.6019500e-01
   2.7700000e+02   1.4448900e+01   3.8030300e+00   2.1078500e+00
   2.7800000e+02   1.2754700e+01   6.3347400e-01   1.1330600e+00
   2.7900000e+02   1.0827600e+01  -4.1674500e+00   1.7736700e-01
   2.8000000e+02   1.6874000e+01  -4.0319500e+00   1.2977900e+00
   2.8100000e+02   1.1287800e+01   6.5659100e+00   9.0795500e-01
   2.8200000e+02   1.6442500e+01  -1.9132500e+00   7.7817800e-01
   2.8300000e+02   1.8095900e+01   4.7159800e+00   2.2209400e+00
   2.8400000e+02   1.0653700e+01   4.2926900e+00   1.3584500e+00
   2.8500000e+02   1.4664600e+01   1.6103800e+00   6.3230200e-01
   2.8600000e+02   1.2431800e+01   1.0893900e+01   1.5373300e+00
   2.8700000e+02   9.3483600e+00   1.0713100e+01   1.3932500e+00
   2.8800000e+02   1.2648900e+01   1.5261400e+01   4.9334000e-01
   2.8900000e+02   1.1977700e+01  -1.4465500e+01   9.9402800e-01
   2.9000000e+02   1.3788800e+01  -1.3446700e+01   6.2843700e-01
   2.9100000e+02   1.7921600e+01  -6.6218500e+00  -1.8191500e-01
   2.9200000e+02   1.2320400e+01  -7.6418900e+00   1.3455400e+00
   2.9300000e+02   1.8124000e+01  -7.0807700e-01   1.8184700e-01
   2.9400000e+02   1.6619100e+01  -1.0966900e+01   2.9740000e+00
   2.9500000e+02   1.4868900e+01  -9.4058600e+00   1.2110200e+00
   2.9600000e+02   2.1270000e+01   4.0218800e+00   1.5764600e+00
   2.9700000e+02   1.5190200e+01  -5.3829100e+00   1.1219400e+00
   2.9800000e+02   1.8054200e+01   1.5077300e+00   9.8450100e-01
   2.9900000e+02   1.0425400e+01  -1.7087400e+00   1.6295700e+00
   3.0000000e+02   1.9831500e+01  -5.7726400e+00   1.1520900e+00
