   1.0000000e+00  -1.5204000e+01  -7.4317900e+00   1.4667700e+00
   2.0000000e+00  -1.6573400e+01  -1.4945200e+01   9.2769200e-01
   3.0000000e+00  -1.9682800e+01  -1.2296200e+01   1.1677500e+00
   4.0000000e+00  -2.1057200e+01  -7.0865500e-01   6.2928700e-01
   5.0000000e+00  -1.8758300e+01  -3.8091000e+00   7.3741100e-01
   6.0000000e+00  -1.3715700e+01  -4.7439700e+00   1.2464300e+00
   7.0000000e+00  -1.6706600e+01   3.3814200e-01   1.0376700e+00
   8.0000000e+00  -2.0420600e+01  -5.6124500e+00   1.0727400e+00
   9.0000000e+00  -1.8982400e+01  -1.6553000e+01   1.1728800e+00
   1.0000000e+01  -2.1143200e+01  -7.9173600e+00   8.3909200e-01
   1.1000000e+01  -2.4133300e+01   3.5229600e+00   9.9612700e-01
   1.2000000e+01  -2.0511200e+01   9.0950300e+00   8.1129000e-01
   1.3000000e+01  -2.4130100e+01   6.6525800e+00   1.2789100e+00
   1.4000000e+01  -1.9976300e+01   1.2831600e+01   9.2773600e-01
   1.5000000e+01  -2.0683800e+01  -3.0781500e+00   7.5488800e-01
   1.6000000e+01  -1.6519400e+01   8.8652200e+00   1.2843300e+00
   1.7000000e+01  -1.4716700e+01   1.6929700e+01   1.3763300e+00
   1.8000000e+01  -1.8280800e+01   1.4294500e+01   7.2896600e-01
   1.9000000e+01  -1.4933300e+01  -1.6179300e+01   1.1797100e+00
   2.0000000e+01  -1.1625500e+01  -5.0827700e+00   9.1871400e-01
   2.1000000e+01  -1.3368300e+01  -1.8745600e+01   1.0587300e+00
   2.2000000e+01  -1.2657500e+01  -7.2214500e+00   7.7766300e-01
   2.3000000e+01  -1.0993800e+01  -2.8984300e+00   1.2853700e+00
   2.4000000e+01  -2.3755000e+01  -6.9601900e+00   1.3707600e+00
   2.5000000e+01  -1.8556500e+01  -6.5159900e+00   9.1572100e-01
   2.6000000e+01  -1.6638200e+01   2.7813400e+00   9.5236400e-01
   2.7000000e+01  -2.2584100e+01   7.0172400e-01   1.0511600e+00
   2.8000000e+01  -1.1656000e+01   5.6842200e+00   5.7998300e-01
   2.9000000e+01  -1.4861400e+01   7.1705900e+00   4.3316400e-01
   3.0000000e+01  -1.2244000e+01   1.1616500e+01   1.1885000e+00
   3.1000000e+01  -2.2506000e+01   8.6079600e+00   9.9075900e-01
   3.2000000e+01  -1.5848200e+01  -4.8418400e+00   1.2923400e+00
   3.3000000e+01  -1.8244600e+01   7.7323800e+00   1.2963500e+00
   3.4000000e+01  -1.8714600e+01   1.0165900e+01   9.6919700e-01
   3.5000000e+01  -2.2588800e+01  -2.2878500e+00   1.2829200e+00
   3.6000000e+01  -1.0752300e+01   2.0967800e+01   1.3426700e+00
   3.7000000e+01  -1.0128700e+01  -1.2910200e+01   1.0113900e+00
   3.8000000e+01  -1.2728400e+01  -1.6488400e+01   9.9204800e-01
   3.9000000e+01  -1.2248300e+01  -2.0780200e+01   1.3154300e+00
   4.0000000e+01  -1.7968300e+01  -1.3430400e+01   7.6912800e-01
   4.1000000e+01  -1.3789400e+01  -1.3759300e+01   7.4553700e-01
   4.2000000e+01  -1.8951900e+01   3.9754400e+00   1.0502300e+00
   4.3000000e+01  -1.0383100e+01  -6.9976200e+00   1.4444500e+00
   4.4000000e+01  -1.7226100e+01  -8.0837400e+00   1.0844300e+00
   4.5000000e+01  -1.3729600e+01  -1.7323700e+00   1.2912700e+00
   4.6000000e+01  -1.6842800e+01  -3.0168400e+00   9.9306200e-01
   4.7000000e+01  -7.8057800e+00   7.0782600e+00   1.0606300e+00
   4.8000000e+01  -1.4337700e+01   1.2289000e+01   9.2777700e-01
   4.9000000e+01  -1.2761000e+01   1.3862600e+01   1.2937900e+00
   5.0000000e+01  -2.0943900e+01   3.4695500e+00   1.3162500e+00
   5.1000000e+01  -1.3567100e+01   8.8799600e+00   1.1238700e+00
   5.2000000e+01  -4.5908300e+00   1.4328200e+01   1.2303800e+00
   5.3000000e+01  -7.7623400e+00   2.3353900e+01   7.5800400e-01
   5.4000000e+01  -1.3457500e+01   1.8569100e+01   8.7996500e-01
   5.5000000e+01  -3.3567400e+00  -2.3074400e+01   8.8359600e-01
   5.6000000e+01  -1.5816000e+01  -1.0137300e+01   8.5612300e-01
   5.7000000e+01  -1.4912100e+01  -1.2012700e+01   9.3910000e-01
   5.8000000e+01  -7.0766800e+00  -1.8592100e+01   8.7986100e-01
   5.9000000e+01  -1.4781000e+01   1.1431800e+00   1.0602700e+00
   6.0000000e+01  -8.1260500e+00  -1.1106600e+01   1.3166600e+00
   6.1000000e+01  -1.8919800e+01  -5.3233400e-01   1.1772300e+00
   6.2000000e+01  -2.8670200e+00  -1.2822600e+01   1.6010100e+00
   6.3000000e+01  -1.2715400e+01   1.3642000e+00   8.7257000e-01
   6.4000000e+01  -9.5470600e+00  -4.0719900e-01   1.0896700e+00
   6.5000000e+01  -1.3647700e+01   5.0725200e+00   1.1329500e+00
   6.6000000e+01  -1.9920800e+01   6.3882100e+00   1.2590200e+00
   6.7000000e+01  -5.9832900e+00   8.5241800e-01   1.1119900e+00
   6.8000000e+01  -1.1425300e+01   9.2934400e+00   5.5946800e-01
   6.9000000e+01  -2.2492100e+01   4.8571400e+00   9.9692500e-01
   7.0000000e+01  -1.0652400e+01   1.4464000e+01   9.8968600e-01
   7.1000000e+01  -1.5784300e+01   1.0824000e+01   7.8823500e-01
   7.2000000e+01   1.4572100e+00   2.1655100e+01   9.2929000e-01
   7.3000000e+01  -1.6961600e+01  -1.6984300e+01   1.2487300e+00
   7.4000000e+01  -1.5431500e+01  -1.8385400e+01   1.1190700e+00
   7.5000000e+01  -7.0974100e+00  -9.2086300e+00   1.1149000e+00
   7.6000000e+01   8.2406000e-01  -2.3735200e+00   1.1013800e+00
   7.7000000e+01  -1.1757500e+01  -1.4275500e+01   8.9758800e-01
   7.8000000e+01  -1.1619000e+01  -1.1459200e+01   8.7395000e-01
   7.9000000e+01  -5.7505400e+00  -6.9993100e+00   1.2343000e+00
   8.0000000e+01  -7.2669800e+00   9.2584300e+00   1.2667400e+00
   8.1000000e+01  -1.1388800e+01  -8.8709100e+00   1.3870800e+00
   8.2000000e+01  -1.8399800e+01   1.7158400e+00   1.3214600e+00
   8.3000000e+01  -6.2757400e+00  -2.8608600e+00   7.1612700e-01
   8.4000000e+01  -9.8190000e+00   7.8797100e+00   1.1604300e+00
   8.5000000e+01  -8.1945100e+00   1.2947800e+01   1.2168700e+00
   8.6000000e+01  -1.2201700e+01   1.5959100e+01   8.7127700e-01
   8.7000000e+01  -1.6762000e+01   5.3696900e+00   1.0757300e+00
   8.8000000e+01  -9.7940400e+00   1.6370900e+01   1.0535300e+00
   8.9000000e+01   3.6429000e-02   1.6677100e+01   8.9775300e-01
   9.0000000e+01  -1.0846700e+01   1.8906000e+01   1.7206800e+00
   9.1000000e+01   4.8381400e+00  -2.3064000e+01   1.0234700e+00
   9.2000000e+01   2.7140900e+00  -2.2964300e+01   9.3857700e-01
   9.3000000e+01  -3.3251500e+00  -1.8829600e+01   5.7170400e-01
   9.4000000e+01  -9.7916200e+00  -1.5167900e+01   1.3228800e+00
   9.5000000e+01  -5.5902800e+00  -1.0689500e+01   9.0190800e-01
   9.6000000e+01   8.5229600e-01  -4.9288900e+00   1.2003900e+00
   9.7000000e+01  -2.4619200e+01   2.6780300e-01   1.1552800e+00
   9.8000000e+01  -8.4267300e+00  -2.4568100e+00   1.1296700e+00
   9.9000000e+01  -9.5805200e+00   5.5159800e+00   7.5506700e-01
   1.0000000e+02  -6.7286600e+00  -5.1754600e+00   1.2296100e+00
   1.0100000e+02  -2.1306800e+00  -5.0350100e+00   1.0718900e+00
   1.0200000e+02  -1.6443300e+01   1.3308200e+01   1.1197500e+00
   1.0300000e+02  -1.4640900e+00   1.8278600e+01   1.3294800e+00
   1.0400000e+02  -1.9099500e+00   8.4378600e+00   1.1625200e+00
   1.0500000e+02  -1.5035500e+01   1.4803500e+01   1.1178400e+00
   1.0600000e+02  -8.7756400e+00   2.1539900e+01   1.0389600e+00
   1.0700000e+02  -7.9649600e+00   1.9004100e+01   1.5208600e+00
   1.0800000e+02  -5.3448300e+00   2.1648800e+01   9.6016200e-01
   1.0900000e+02  -3.4514200e-02  -1.8312500e+01   1.0853200e+00
   1.1000000e+02  -9.8266800e+00  -1.8686500e+01   1.2669100e+00
   1.1100000e+02  -7.8966700e+00  -1.6609500e+01   1.3553500e+00
   1.1200000e+02  -5.8094300e+00  -1.3055800e+01   1.1349500e+00
   1.1300000e+02   2.9906100e+00  -5.9409900e+00   9.4028800e-01
   1.1400000e+02  -4.5659400e+00  -8.7113800e+00   1.2638100e+00
   1.1500000e+02  -1.3365400e+01  -1.0309700e+01   1.1833000e+00
   1.1600000e+02  -4.5480900e+00  -8.3620600e-01   1.0081600e+00
   1.1700000e+02  -1.1422900e+00  -3.1197900e+00   1.0041900e+00
   1.1800000e+02  -8.8441300e+00  -4.7225500e+00   1.1164600e+00
   1.1900000e+02  -9.6409400e+00   1.0374900e+01   1.3106700e+00
   1.2000000e+02  -1.0271900e+01   1.2413600e+01   7.2563900e-01
   1.2100000e+02  -3.6353700e-01   2.0129100e+01   6.7102700e-01
   1.2200000e+02  -3.5837600e+00   1.5705900e+00   9.8251400e-01
   1.2300000e+02  -4.3390200e-01   1.4547700e+01   1.0447000e+00
   1.2400000e+02  -6.8635200e+00   1.6855700e+01   1.3414000e+00
   1.2500000e+02  -5.1841300e+00   1.9521300e+01   1.3635900e+00
   1.2600000e+02  -5.7696800e-01   2.2223000e+01   9.3590300e-01
   1.2700000e+02  -1.1288300e+00  -1.1643300e+01   8.0347600e-01
   1.2800000e+02  -9.6548300e+00  -2.1223800e+01   9.5841000e-01
   1.2900000e+02  -4.7403600e+00  -1.7120800e+01   1.0806000e+00
   1.3000000e+02  -8.1879600e+00  -1.3799500e+01   1.0249100e+00
   1.3100000e+02  -3.1852000e+00  -6.8442300e+00   9.0991200e-01
   1.3200000e+02   1.2040300e+00  -1.6581200e+01   7.5990900e-01
   1.3300000e+02   1.0322600e+00  -8.7361600e+00   1.1925100e+00
   1.3400000e+02   5.0920900e+00  -2.8360600e+00   9.4335600e-01
   1.3500000e+02   7.6676700e+00  -6.7953500e+00   8.9575800e-01
   1.3600000e+02   2.7139200e+00  -1.3985800e+00   1.0978300e+00
   1.3700000e+02  -3.9703200e+00  -3.1564800e+00   9.4697800e-01
   1.3800000e+02  -5.8166300e+00   3.5364600e+00   1.0080600e+00
   1.3900000e+02  -3.0900200e+00   1.0867800e+01   1.1267400e+00
   1.4000000e+02  -5.2681800e+00   1.0569900e+01   1.0578200e+00
   1.4100000e+02  -7.4246500e+00   1.4872000e+01   1.3305800e+00
   1.4200000e+02  -2.7007500e+00   1.5855600e+01   1.0418200e+00
   1.4300000e+02  -3.6953700e+00   1.7944000e+01   7.8015500e-01
   1.4400000e+02   4.9452500e+00   1.5586400e+01   8.4669400e-01
   1.4500000e+02   3.8328300e+00  -2.1197600e+01   1.2363400e+00
   1.4600000e+02  -2.8729100e+00  -1.0356000e+01   7.9453600e-01
   1.4700000e+02   6.4283300e+00  -1.6118800e+01   1.1093100e+00
   1.4800000e+02  -6.0099100e+00  -1.5144600e+01   8.6078500e-01
   1.4900000e+02   7.1822800e+00  -2.7167800e+00   1.0520400e+00
   1.5000000e+02  -8.0220400e+00  -7.3209300e+00   1.1260000e+00
   1.5100000e+02  -1.4858400e+00  -8.4464400e+00   1.0405200e+00
   1.5200000e+02   5.2698600e+00  -7.1426500e+00   1.2818000e+00
   1.5300000e+02   2.2329600e+00   2.6228500e+00   9.5087700e-01
   1.5400000e+02  -3.4873400e-01  -3.6100200e-01   1.2874400e+00
   1.5500000e+02  -1.0511800e+01   1.5616600e+00   1.3998800e+00
   1.5600000e+02  -1.1961600e+01   3.6402800e+00   1.3144200e+00
   1.5700000e+02  -9.7011700e-01   6.0470000e+00   1.0138500e+00
   1.5800000e+02  -3.1701100e+00   2.0285300e+01   1.0913600e+00
   1.5900000e+02   1.2321100e+01   1.6804800e+01   1.3148600e+00
   1.6000000e+02   2.8783900e+00   1.5413600e+01   9.9297600e-01
   1.6100000e+02  -8.7976500e-01   1.0553500e+01   7.7534800e-01
   1.6200000e+02  -3.3068700e+00   2.2349400e+01   9.8248900e-01
   1.6300000e+02  -2.7506400e+00  -2.1117400e+01   5.9475500e-01
   1.6400000e+02  -8.3981900e+00  -2.2877200e+01   6.7922700e-01
   1.6500000e+02   3.6723700e+00  -1.7644400e+01   1.1598400e+00
   1.6600000e+02   5.1674400e+00  -1.4299800e+01   1.2185100e+00
   1.6700000e+02   3.1454300e+00  -1.2893500e+01   1.2406100e+00
   1.6800000e+02  -1.9199300e+00  -1.6080000e+01   1.0053600e+00
   1.6900000e+02   6.7325100e+00   3.9222700e+00   1.1093500e+00
   1.7000000e+02   1.7129100e+00  -1.1152100e+01   9.2440100e-01
   1.7100000e+02   1.1193200e+01   2.4954600e+00   1.2302200e+00
   1.7200000e+02   4.7126800e+00  -3.1892900e-01   8.7915800e-01
   1.7300000e+02  -1.1684900e+01  -6.5143300e-01   1.3042800e+00
   1.7400000e+02   1.6420400e+00   6.0464500e-01   1.2224300e+00
   1.7500000e+02  -5.2873900e+00   8.4291400e+00   8.9216000e-01
   1.7600000e+02   8.0015700e+00   1.2822900e+01   8.2896300e-01
   1.7700000e+02  -1.6738000e-01   3.9918100e+00   1.1333900e+00
   1.7800000e+02   1.1526500e+00   1.2604800e+01   1.5099500e+00
   1.7900000e+02   5.2585000e+00   1.9876300e+01   1.0117600e+00
   1.8000000e+02   3.6950100e+00   2.3567000e+01   9.3713100e-01
   1.8100000e+02   7.6851300e+00  -1.1536700e+01   8.0260300e-01
   1.8200000e+02   1.2246400e-01  -2.1563000e+01   6.1547500e-01
   1.8300000e+02  -6.1071000e+00  -2.1185100e+01   1.0016100e+00
   1.8400000e+02  -1.1588700e+00  -1.4056400e+01   1.1191500e+00
   1.8500000e+02   5.6687900e+00  -1.2225100e+01   1.1980600e+00
   1.8600000e+02   7.5436000e+00  -2.2078400e+01   8.5273300e-01
   1.8700000e+02   5.3043800e+00  -9.2131800e+00   8.2918200e-01
   1.8800000e+02   8.9554400e+00   3.2738400e+00   1.0835200e+00
   1.8900000e+02   4.8859700e+00  -4.9532800e+00   1.3862700e+00
   1.9000000e+02  -3.9015600e+00   4.7692200e+00   8.4984800e-01
   1.9100000e+02   1.1050500e+00   8.6445200e+00   8.8666100e-01
   1.9200000e+02   2.2343100e+00   4.8001300e+00   1.0751400e+00
   1.9300000e+02   5.4732600e+00   8.2374500e+00   1.1673400e+00
   1.9400000e+02   3.7342500e+00   1.1142700e+01   1.2107600e+00
   1.9500000e+02   9.2980500e+00   9.6944700e+00   1.1352800e+00
   1.9600000e+02   3.5347800e+00   1.3403400e+01   1.1557600e+00
   1.9700000e+02   1.0322900e+01   2.2746000e+01   1.5350800e+00
   1.9800000e+02   6.5360300e+00   2.2414800e+01   1.2032800e+00
   1.9900000e+02   9.8117100e-01  -1.3174900e+01   1.1379300e+00
   2.0000000e+02   2.6710100e+00  -1.9446800e+01   1.4822700e+00
   2.0100000e+02   6.8916000e+00  -1.8153600e+01   1.1053400e+00
   2.0200000e+02   1.5056800e+01  -1.3518700e+01   1.0732500e+00
   2.0300000e+02   1.0490900e+01  -1.0111100e+01   8.8106400e-01
   2.0400000e+02   9.7916200e+00  -3.3864800e+00   1.1949700e+00
   2.0500000e+02   8.9996100e+00  -1.6784400e+01   1.2793600e+00
   2.0600000e+02   4.2522200e+00   6.3183600e+00   1.0324500e+00
   2.0700000e+02   3.1553800e+00  -3.6213700e+00   9.6285400e-01
   2.0800000e+02   1.3315000e+01  -2.0158000e+00   1.1627800e+00
   2.0900000e+02   9.0060200e+00  -1.1332400e+00   1.3425900e+00
   2.1000000e+02   9.5118300e+00   1.2736600e+00   1.3117200e+00
   2.1100000e+02  -2.4942300e+00  -7.1028500e-01   1.2768000e+00
   2.1200000e+02   1.2108900e+01   1.0345900e+01   1.0396300e+00
   2.1300000e+02   1.0426300e+00   6.5443900e+00   8.6203000e-01
   2.1400000e+02  -1.4566900e+00   2.1129400e+00   1.1123000e+00
   2.1500000e+02   9.4144900e+00   1.5166500e+01   1.2491800e+00
   2.1600000e+02   7.8136600e+00   2.0751600e+01   9.2055000e-01
   2.1700000e+02   6.8943300e+00  -2.4030300e+01   7.7451400e-01
   2.1800000e+02   3.6493700e+00  -2.4807900e+01   9.3429900e-01
   2.1900000e+02   1.3912600e+01  -1.8115000e+01   1.2444700e+00
   2.2000000e+02   8.3625700e+00  -9.5347300e+00   1.4510100e+00
   2.2100000e+02   2.3999800e+00  -1.4878800e+01   8.9391600e-01
   2.2200000e+02   1.3629000e+01  -5.7363000e+00   9.6713700e-01
   2.2300000e+02   7.1559700e+00   1.6263400e+00   9.7629300e-01
   2.2400000e+02   6.9535500e+00  -6.6517600e-01   1.2370500e+00
   2.2500000e+02   3.1821800e+00   8.1229700e+00   1.0607500e+00
   2.2600000e+02   1.0237500e+01   6.6638000e+00   1.2468000e+00
   2.2700000e+02  -3.0532400e+00   6.6803600e+00   1.3523000e+00
   2.2800000e+02   1.3900200e+01   5.2000000e+00   8.2576900e-01
   2.2900000e+02   1.4418600e+01   3.0677000e+00   1.2026800e+00
   2.3000000e+02   7.9291900e+00   1.6628600e+01   1.1037200e+00
   2.3100000e+02   5.7414600e+00   1.2612600e+01   1.0459400e+00
   2.3200000e+02  -1.5716700e-01   2.4249100e+01   1.2087400e+00
   2.3300000e+02   3.9823100e+00   2.1502700e+01   8.1074500e-01
   2.3400000e+02   7.2013300e+00   1.0828000e+01   1.2613800e+00
   2.3500000e+02   9.4369500e+00  -1.3560600e+01   1.0749400e+00
   2.3600000e+02  -3.7972900e+00  -1.4799400e+01   1.2736100e+00
   2.3700000e+02   1.2494600e+01  -1.1343500e+01   1.1383900e+00
   2.3800000e+02   1.1178100e+01  -1.7396200e+01   7.9130300e-01
   2.3900000e+02   1.1911000e+01  -2.0274200e+01   1.3883500e+00
   2.4000000e+02   7.3127900e+00   6.8347200e+00   8.9846500e-01
   2.4100000e+02   4.2405000e+00   3.0866100e+00   1.2094000e+00
   2.4200000e+02   3.1369800e+00  -9.3577400e+00   1.0806600e+00
   2.4300000e+02   2.1883000e+01   4.0727800e+00   9.5197400e-01
   2.4400000e+02   1.5417700e+01  -1.8209800e+00   1.1825000e+00
   2.4500000e+02   1.7597800e+01   8.8308100e+00   1.1025800e+00
   2.4600000e+02   1.6238500e+01   1.1320100e+01   1.1812000e+00
   2.4700000e+02   2.1751900e+01   9.2461000e+00   1.5034200e+00
   2.4800000e+02   4.0463200e+00   1.7660800e+01   1.1912300e+00
   2.4900000e+02   1.1766800e+01   1.4519400e+01   1.1672300e+00
   2.5000000e+02   1.8524300e+01   6.1173500e+00   1.0699300e+00
   2.5100000e+02   2.1990900e+01   1.0874800e+00   6.8463800e-01
   2.5200000e+02   2.1432000e+00   1.9622400e+01   1.0192200e+00
   2.5300000e+02   9.9699000e+00  -1.9065600e+01   1.2296600e+00
   2.5400000e+02   8.1448200e+00  -2.0103500e+01   7.7363600e-01
   2.5500000e+02   2.1151500e+01  -3.9140900e+00   1.0802600e+00
   2.5600000e+02   1.4635100e+01  -1.1421700e+01   1.2687900e+00
   2.5700000e+02   1.2720900e+01  -8.2090400e+00   1.0334900e+00
   2.5800000e+02   9.7627700e+00  -6.6522100e+00   8.8025200e-01
   2.5900000e+02   1.8623900e+01   3.5169700e+00   9.0769600e-01
   2.6000000e+02   1.6918500e+01  -8.2489000e+00   8.0870500e-01
   2.6100000e+02   1.8928200e+01  -8.9697500e+00   1.0809000e+00
   2.6200000e+02   1.5618400e+01   8.1859200e+00   1.2577900e+00
   2.6300000e+02   1.4455900e+01  -3.8298000e+00   1.0016100e+00
   2.6400000e+02   1.2578600e+01   8.5946900e-01   1.1612700e+00
   2.6500000e+02   1.3527300e+01   8.8360100e+00   1.1310500e+00
   2.6600000e+02   1.9656800e+01   8.9672300e+00   1.1159100e+00
   2.6700000e+02   1.3762800e+01   1.5243400e+01   6.5751100e-01
   2.6800000e+02   1.1496600e+01   2.1055100e+01   1.0465600e+00
   2.6900000e+02   6.9603100e+00   1.4641200e+01   1.0438000e+00
   2.7000000e+02   8.1126400e+00   1.8689300e+01   8.9874200e-01
   2.7100000e+02   3.1463500e-01  -2.3628400e+01   1.1047300e+00
   2.7200000e+02   8.0535100e+00  -4.6993000e+00   8.9925400e-01
   2.7300000e+02   1.1411900e+01  -1.5329100e+01   1.3081700e+00
   2.7400000e+02   1.3000500e+01  -1.4016500e+01   1.2750500e+00
   2.7500000e+02   1.8762900e+01  -3.6796200e-01   8.4022000e-01
   2.7600000e+02   1.6537100e+01  -4.0022400e+00   9.8522700e-01
   2.7700000e+02   1.6597000e+01   3.9810700e+00   1.0015200e+00
   2.7800000e+02   1.4550300e+01   1.4547800e-01   1.1177300e+00
   2.7900000e+02   1.1576800e+01  -5.5944800e+00   1.0016600e+00
   2.8000000e+02   1.9451000e+01  -5.2513300e+00   1.1071100e+00
   2.8100000e+02   1.2323300e+01   6.9300100e+00   1.0506300e+00
   2.8200000e+02   1.7496900e+01  -2.0988500e+00   7.4663800e-01
   2.8300000e+02   2.0591600e+01   5.8529000e+00   6.2583600e-01
   2.8400000e+02   1.1773700e+01   4.7466300e+00   1.0927600e+00
   2.8500000e+02   1.6939100e+01   1.4221300e+00   8.4896500e-01
   2.8600000e+02   1.3348600e+01   1.3163600e+01   8.5317200e-01
   2.8700000e+02   1.0134600e+01   1.3112300e+01   8.6971300e-01
   2.8800000e+02   1.5536900e+01   1.6881300e+01   1.0730400e+00
   2.8900000e+02   1.4917100e+01  -1.6298700e+01   7.9398100e-01
   2.9000000e+02   1.7018200e+01  -1.5362100e+01   6.5906100e-01
   2.9100000e+02   2.0812900e+01  -8.1268300e+00   7.9411700e-01
   2.9200000e+02   1.4787000e+01  -7.9312300e+00   6.7764100e-01
   2.9300000e+02   2.0788500e+01  -7.3978300e-01   9.4467200e-01
   2.9400000e+02   1.8899900e+01  -1.3318400e+01   9.3575800e-01
   2.9500000e+02   1.6660800e+01  -1.0858500e+01   9.8627600e-01
   2.9600000e+02   2.4565100e+01   5.5102000e+00   1.0344300e+00
   2.9700000e+02   1.7641100e+01  -6.2303900e+00   1.0069900e+00
   2.9800000e+02   2.0337700e+01   2.3619800e+00   1.3622200e+00
   2.9900000e+02   1.1312700e+01  -1.3110600e+00   6.7542400e-01
   3.0000000e+02   2.2787800e+01  -7.4468800e+00   7.0157700e-01
