   1.0000000e+00  -1.2763800e+01  -6.4793100e+00   2.8062900e+00
   2.0000000e+00  -1.2626000e+01  -1.1410400e+01   1.1723600e+00
   3.0000000e+00  -1.5741500e+01  -8.7445300e+00   8.2680800e-01
   4.0000000e+00  -1.7790100e+01  -9.5587100e-01  -2.3544600e-01
   5.0000000e+00  -1.4937400e+01  -2.9946100e+00   1.5201100e+00
   6.0000000e+00  -1.1990900e+01  -4.5430600e+00   2.5812600e+00
   7.0000000e+00  -1.4164900e+01  -1.0350300e+00   1.3020500e+00
   8.0000000e+00  -1.8249300e+01  -4.6424200e+00   6.1039800e-01
   9.0000000e+00  -1.5084100e+01  -1.2281000e+01   7.3544300e-01
   1.0000000e+01  -1.6973500e+01  -7.0251200e+00   1.0516700e+00
   1.1000000e+01  -1.9643800e+01   2.1135000e+00   9.0702700e-01
   1.2000000e+01  -1.6086300e+01   6.3915400e+00   2.4629100e+00
   1.3000000e+01  -1.9653400e+01   4.3266500e+00   8.3362500e-01
   1.4000000e+01  -1.6162900e+01   8.5322900e+00   2.0123600e+00
   1.5000000e+01  -1.7008800e+01  -2.8683300e+00   2.6192600e+00
   1.6000000e+01  -1.2556900e+01   6.3855900e+00   1.4136900e+00
   1.7000000e+01  -1.2559800e+01   1.2673000e+01   2.5898500e+00
   1.8000000e+01  -1.4390400e+01   9.5858300e+00   1.7872200e+00
   1.9000000e+01  -1.1280500e+01  -1.2970300e+01   3.1370900e+00
   2.0000000e+01  -1.0305700e+01  -3.3638600e+00  -2.1471100e-02
   2.1000000e+01  -1.0891800e+01  -1.6667600e+01   8.8966500e-01
   2.2000000e+01  -1.0171600e+01  -5.5447100e+00   2.0983900e+00
   2.3000000e+01  -8.8702500e+00  -1.8764100e+00   2.6149300e+00
   2.4000000e+01  -1.9000000e+01  -6.6030000e+00   2.0277900e-01
   2.5000000e+01  -1.6147400e+01  -4.7940700e+00   1.5432800e+00
   2.6000000e+01  -1.2450300e+01   2.2520000e+00  -1.7240000e-01
   2.7000000e+01  -1.7841400e+01   1.1040400e+00  -1.4877000e+00
   2.8000000e+01  -8.8967300e+00   4.4114100e+00   1.8928700e+00
   2.9000000e+01  -1.0715300e+01   5.4166300e+00   1.8628000e+00
   3.0000000e+01  -8.9225100e+00   8.5537900e+00   2.0341300e+00
   3.1000000e+01  -1.7880600e+01   5.3696900e+00   1.3235100e+00
   3.2000000e+01  -1.4068100e+01  -4.8601400e+00   2.2475600e-01
   3.3000000e+01  -1.4310800e+01   5.3126100e+00   1.1709700e+00
   3.4000000e+01  -1.4325200e+01   7.4992200e+00   2.5970600e+00
   3.5000000e+01  -1.9149800e+01  -2.5185600e+00   2.4651400e+00
   3.6000000e+01  -8.9574100e+00   1.6901700e+01   1.3261700e+00
   3.7000000e+01  -8.4804500e+00  -1.0639200e+01   2.6072800e+00
   3.8000000e+01  -9.9345400e+00  -1.4555800e+01   2.6275800e-01
   3.9000000e+01  -8.8391600e+00  -1.6374600e+01   2.4840300e+00
   4.0000000e+01  -1.4382500e+01  -1.0294200e+01   1.7740300e+00
   4.1000000e+01  -1.0543600e+01  -1.0967500e+01   1.1909600e+00
   4.2000000e+01  -1.4256600e+01   3.2548400e+00   2.7793800e+00
   4.3000000e+01  -8.4874500e+00  -4.3504600e+00  -5.1646800e-01
   4.4000000e+01  -1.4936000e+01  -6.7274600e+00   2.9758300e-01
   4.5000000e+01  -1.0839000e+01  -1.2419800e+00   1.5149600e-01
   4.6000000e+01  -1.2563500e+01  -2.3638500e+00   4.6258200e-01
   4.7000000e+01  -5.2468900e+00   6.4486600e+00   1.2010200e+00
   4.8000000e+01  -1.0729100e+01   9.5510500e+00   3.7885700e-01
   4.9000000e+01  -8.8548500e+00   1.0604900e+01   2.1780300e+00
   5.0000000e+01  -1.6068500e+01   2.1819100e+00   2.0859000e+00
   5.1000000e+01  -1.0724200e+01   7.4977400e+00  -7.3981300e-01
   5.2000000e+01  -1.5798800e+00   1.0699700e+01   1.2020800e+00
   5.3000000e+01  -4.8932100e+00   1.9211400e+01   2.8632200e+00
   5.4000000e+01  -1.0784100e+01   1.3858300e+01   8.7173200e-01
   5.5000000e+01  -3.5865700e+00  -1.9256500e+01   3.2481500e+00
   5.6000000e+01  -1.3664500e+01  -8.3627700e+00   5.9999800e-02
   5.7000000e+01  -1.1840400e+01  -9.3648800e+00   2.3354100e+00
   5.8000000e+01  -4.7599800e+00  -1.5862700e+01  -9.9635800e-01
   5.9000000e+01  -1.2434700e+01   1.0111500e-01   7.3660000e-01
   6.0000000e+01  -7.1382700e+00  -8.7240300e+00  -2.8245800e-01
   6.1000000e+01  -1.5989400e+01   9.7067200e-02   1.7987000e+00
   6.2000000e+01  -8.1916300e-01  -1.0029500e+01  -1.2007600e+00
   6.3000000e+01  -1.0648700e+01   1.2391700e+00   1.3028500e+00
   6.4000000e+01  -7.0522400e+00  -7.9681200e-01   4.4298600e-02
   6.5000000e+01  -1.0674600e+01   3.3375700e+00  -7.7993800e-02
   6.6000000e+01  -1.6097800e+01   4.2811000e+00   2.9959600e+00
   6.7000000e+01  -5.2815200e+00   2.2961200e+00   2.3794200e+00
   6.8000000e+01  -8.9124300e+00   6.4784400e+00   1.0827000e+00
   6.9000000e+01  -1.7886200e+01   3.1948600e+00   1.4681200e+00
   7.0000000e+01  -7.0632500e+00   1.1675000e+01   9.7994800e-01
   7.1000000e+01  -1.2551100e+01   8.5606900e+00  -3.5765000e-01
   7.2000000e+01   2.2753800e+00   1.7431800e+01   7.7722300e-01
   7.3000000e+01  -1.3334100e+01  -1.3368700e+01   2.9397300e+00
   7.4000000e+01  -1.1992900e+01  -1.4937800e+01   2.6701800e-01
   7.5000000e+01  -5.6988800e+00  -7.1858100e+00  -9.4970000e-01
   7.6000000e+01   1.9595800e-01  -7.9382000e-01  -2.9353000e-01
   7.7000000e+01  -9.2587000e+00  -1.2571500e+01   1.7067200e+00
   7.8000000e+01  -9.2981300e+00  -8.7384000e+00   1.7112400e+00
   7.9000000e+01  -4.2072200e+00  -5.6501500e+00   1.2204300e-01
   8.0000000e+01  -5.2584400e+00   8.5519400e+00   1.9263500e+00
   8.1000000e+01  -8.2327900e+00  -6.8691500e+00   1.3107300e-01
   8.2000000e+01  -1.4218400e+01   1.1594100e+00   1.4729500e+00
   8.3000000e+01  -3.4227600e+00  -8.6706200e-01  -8.3363800e-02
   8.4000000e+01  -7.0786000e+00   5.4255000e+00   5.6886300e-01
   8.5000000e+01  -5.2471000e+00   1.0614200e+01   6.0406000e-01
   8.6000000e+01  -8.8999600e+00   1.2686600e+01   1.4093900e+00
   8.7000000e+01  -1.2478300e+01   4.3164500e+00   5.1399200e-01
   8.8000000e+01  -7.0694900e+00   1.3737000e+01   1.4348700e+00
   8.9000000e+01   8.4244800e-01   1.4049300e+01   3.5314000e-01
   9.0000000e+01  -8.8914600e+00   1.4753500e+01   1.1960400e+00
   9.1000000e+01   3.3009600e+00  -1.8415000e+01   6.9926200e-01
   9.2000000e+01   9.3481600e-01  -1.7989900e+01  -1.4791700e+00
   9.3000000e+01  -2.8670200e+00  -1.5047200e+01   1.7352200e+00
   9.4000000e+01  -7.1995400e+00  -1.2577700e+01   1.3578700e-01
   9.5000000e+01  -4.9952800e+00  -9.1496100e+00   1.0480000e+00
   9.6000000e+01   2.4746400e-01  -4.5555400e+00  -9.3695800e-01
   9.7000000e+01  -1.9728500e+01  -1.0038700e-01   2.1580300e-01
   9.8000000e+01  -5.2582200e+00  -1.8339500e+00   1.0471800e+00
   9.9000000e+01  -7.0439300e+00   3.3468800e+00   1.4130000e+00
   1.0000000e+02  -5.2892900e+00  -3.8984100e+00   1.9362900e+00
   1.0100000e+02  -1.7770200e+00  -4.1037500e+00   6.3099400e-01
   1.0200000e+02  -1.2525500e+01   1.0622800e+01  -3.4296500e-01
   1.0300000e+02  -1.1006300e+00   1.4888700e+01   1.7472100e+00
   1.0400000e+02  -1.6596500e+00   6.4954200e+00   1.3592800e+00
   1.0500000e+02  -1.0718800e+01   1.1697700e+01   6.1867400e-01
   1.0600000e+02  -5.5458400e+00   1.7223800e+01   6.6986400e-01
   1.0700000e+02  -7.0926000e+00   1.5789000e+01   1.5600800e+00
   1.0800000e+02  -3.5269200e+00   1.7622800e+01   2.1056500e-01
   1.0900000e+02  -8.3495500e-01  -1.5458400e+01   9.1719600e-01
   1.1000000e+02  -7.7564500e+00  -1.4590800e+01   1.8016300e+00
   1.1100000e+02  -5.7060900e+00  -1.4022600e+01   2.7228200e+00
   1.1200000e+02  -2.9757800e+00  -9.6174400e+00   1.9633800e+00
   1.1300000e+02   2.3206500e+00  -4.6255600e+00   7.9810100e-01
   1.1400000e+02  -3.6043000e+00  -7.6332200e+00   2.0923200e+00
   1.1500000e+02  -1.0970300e+01  -7.4782700e+00   1.6930800e+00
   1.1600000e+02  -5.2521900e+00   2.3460500e-01   1.6953100e+00
   1.1700000e+02  -1.5316000e+00  -1.9785400e+00  -9.6798900e-02
   1.1800000e+02  -7.0558200e+00  -2.8533800e+00   2.6744300e+00
   1.1900000e+02  -7.1213900e+00   7.5184900e+00  -3.8823500e-01
   1.2000000e+02  -7.0565900e+00   9.5728500e+00   1.1114800e+00
   1.2100000e+02   5.6997600e-01   1.6100600e+01  -8.0183900e-01
   1.2200000e+02  -3.4148200e+00   1.2113300e+00   1.8525100e+00
   1.2300000e+02  -8.0396700e-01   1.2796400e+01  -1.0177400e-01
   1.2400000e+02  -5.2409000e+00   1.2686000e+01   2.2012000e+00
   1.2500000e+02  -5.0911300e+00   1.4762200e+01   1.0275100e+00
   1.2600000e+02   2.2170000e-01   1.8147800e+01   7.1975200e-01
   1.2700000e+02   6.4011000e-01  -8.4945100e+00  -4.9149700e-01
   1.2800000e+02  -6.7812600e+00  -1.6407900e+01   2.4093100e+00
   1.2900000e+02  -3.5961800e+00  -1.3120700e+01   2.7602100e+00
   1.3000000e+02  -6.4114100e+00  -1.0660600e+01   1.7653300e+00
   1.3100000e+02  -2.2011100e+00  -6.1187100e+00   2.9133500e-01
   1.3200000e+02   5.5797000e-01  -1.3909500e+01   1.0383800e+00
   1.3300000e+02   1.9760700e+00  -6.6559000e+00   1.5448900e+00
   1.3400000e+02   5.3589500e+00  -1.4554400e+00  -5.9077600e-01
   1.3500000e+02   6.3171900e+00  -5.5427700e+00  -4.8158000e-01
   1.3600000e+02   2.7957600e+00  -1.5248400e+00   1.7779200e+00
   1.3700000e+02  -3.4684900e+00  -2.9389000e+00   4.8098700e-01
   1.3800000e+02  -5.2470900e+00   4.3692200e+00   1.8749700e-01
   1.3900000e+02  -1.5850800e+00   8.6213000e+00   6.4830400e-01
   1.4000000e+02  -3.4547400e+00   9.5522700e+00   2.2348500e+00
   1.4100000e+02  -3.4554000e+00   1.1611500e+01   2.0000900e+00
   1.4200000e+02  -2.7658600e+00   1.3584700e+01  -1.0838500e-01
   1.4300000e+02  -3.1944800e+00   1.5585800e+01   7.3011300e-01
   1.4400000e+02   5.8383800e+00   1.2927400e+01  -6.5057300e-01
   1.4500000e+02   3.2769700e+00  -1.6318900e+01   2.9627900e-01
   1.4600000e+02  -1.5636900e+00  -8.0894300e+00   2.2860700e+00
   1.4700000e+02   6.0446700e+00  -1.3274900e+01   1.0714000e+00
   1.4800000e+02  -4.4132700e+00  -1.1228200e+01   1.4908600e+00
   1.4900000e+02   7.4786500e+00  -1.9766400e+00   1.1283600e+00
   1.5000000e+02  -6.7130500e+00  -5.3868100e+00   1.7465700e+00
   1.5100000e+02  -1.7666400e-01  -6.5687100e+00   3.6683000e-01
   1.5200000e+02   4.2653700e+00  -5.3264900e+00   2.2975500e+00
   1.5300000e+02   2.1877100e+00   2.4559100e+00   2.5141800e+00
   1.5400000e+02   1.5062800e-01   1.2900900e+00   2.4718200e+00
   1.5500000e+02  -7.0676500e+00   1.2723300e+00   1.1568900e+00
   1.5600000e+02  -8.8818900e+00   2.2791200e+00   7.0518300e-01
   1.5700000e+02  -1.6761200e+00   4.3496300e+00   9.9624100e-01
   1.5800000e+02  -1.5454500e+00   1.6925700e+01   9.4558800e-01
   1.5900000e+02   9.4878700e+00   1.3234000e+01   7.1980600e-01
   1.6000000e+02   2.2380300e+00   1.2521200e+01   7.1214500e-01
   1.6100000e+02   3.9064600e-01   9.2101500e+00   1.3589800e+00
   1.6200000e+02  -1.9029900e+00   1.8959300e+01   1.4261100e+00
   1.6300000e+02  -3.1843300e+00  -1.7206500e+01   2.2142400e+00
   1.6400000e+02  -7.8288200e+00  -1.8199400e+01   1.4527400e-01
   1.6500000e+02   2.6268500e+00  -1.4375100e+01   1.6869300e+00
   1.6600000e+02   4.0451600e+00  -1.2847000e+01   6.7653400e-01
   1.6700000e+02   3.3931600e+00  -1.0859400e+01   1.6381800e+00
   1.6800000e+02  -1.4513400e+00  -1.3475900e+01   1.2919200e+00
   1.6900000e+02   6.6883100e+00   4.5358800e+00   1.2525300e+00
   1.7000000e+02   2.6978500e+00  -8.8763800e+00  -1.3247100e+00
   1.7100000e+02   1.0446600e+01   2.8385300e+00   6.0535800e-01
   1.7200000e+02   4.0429800e+00   1.3025300e-01   1.9475800e+00
   1.7300000e+02  -8.8521200e+00   1.9142800e-01   6.9249400e-01
   1.7400000e+02   1.9926100e+00   3.9057200e-01   2.7404600e-02
   1.7500000e+02  -3.4604500e+00   7.4839000e+00   6.1641300e-01
   1.7600000e+02   6.1078800e+00   1.0850900e+01   2.6490700e+00
   1.7700000e+02   2.5203000e-01   3.3524700e+00   1.6574700e+00
   1.7800000e+02   6.1454100e-01   1.1250500e+01   7.7478200e-01
   1.7900000e+02   5.5619000e+00   1.4967600e+01   1.3796500e+00
   1.8000000e+02   1.9101600e+00   1.9477300e+01  -1.0949800e+00
   1.8100000e+02   6.8942600e+00  -9.7590100e+00   9.4964300e-01
   1.8200000e+02  -1.1402100e+00  -1.7504300e+01   2.3745500e-01
   1.8300000e+02  -5.1715800e+00  -1.7923400e+01   2.7481100e+00
   1.8400000e+02  -6.0031000e-02  -1.1943600e+01  -3.5927900e-01
   1.8500000e+02   5.4634200e+00  -1.1300000e+01   6.0664200e-01
   1.8600000e+02   5.3109500e+00  -1.7209300e+01   4.7874300e-01
   1.8700000e+02   4.8552700e+00  -9.3187400e+00   1.0213000e+00
   1.8800000e+02   6.9625500e+00   2.5032400e+00   1.9468500e+00
   1.8900000e+02   3.8813500e+00  -3.2915600e+00   4.0828300e-01
   1.9000000e+02  -3.4839500e+00   3.2977000e+00  -3.9554900e-01
   1.9100000e+02   1.0250900e+00   7.2441600e+00   1.8770300e+00
   1.9200000e+02   1.9668000e+00   4.5309500e+00   4.9731700e-01
   1.9300000e+02   4.6256500e+00   7.5690300e+00   1.5766800e+00
   1.9400000e+02   2.7086600e+00   8.4185100e+00   1.2455500e+00
   1.9500000e+02   8.2672600e+00   7.8884700e+00   1.7891200e+00
   1.9600000e+02   2.5397900e+00   1.0461100e+01   3.3278200e+00
   1.9700000e+02   9.0313200e+00   1.7412700e+01   8.7818200e-01
   1.9800000e+02   4.1054600e+00   1.8761600e+01   3.2517500e-02
   1.9900000e+02   1.3549600e+00  -1.0440700e+01   2.6045700e+00
   2.0000000e+02   1.1823300e+00  -1.5905500e+01   1.8802100e+00
   2.0100000e+02   4.6924200e+00  -1.4840800e+01   4.0484700e-01
   2.0200000e+02   1.2574000e+01  -9.7602100e+00  -2.4496100e-01
   2.0300000e+02   8.4735700e+00  -8.3825000e+00   2.0628800e+00
   2.0400000e+02   7.9006800e+00  -4.1689800e+00   2.5382900e+00
   2.0500000e+02   7.5027000e+00  -1.1790300e+01   1.9898400e+00
   2.0600000e+02   4.8520200e+00   5.5124300e+00   2.1310700e+00
   2.0700000e+02   1.0672500e+00  -2.6649500e+00  -1.2547400e-01
   2.0800000e+02   1.1006200e+01  -1.4118100e+00   1.5969000e+00
   2.0900000e+02   9.0678500e+00  -6.6722400e-01   1.2131600e-01
   2.1000000e+02   8.7319300e+00   1.4363200e+00   9.7814900e-03
   2.1100000e+02  -1.6401500e+00   1.6729700e-01   2.3125400e+00
   2.1200000e+02   9.9290300e+00   9.1253400e+00   1.7777200e+00
   2.1300000e+02   8.5985500e-02   5.4187700e+00   2.4501700e-02
   2.1400000e+02  -1.6402600e+00   2.2817200e+00   5.8343000e-01
   2.1500000e+02   7.7576800e+00   1.2076900e+01   6.3866300e-01
   2.1600000e+02   6.1552700e+00   1.7962500e+01   1.4082700e+00
   2.1700000e+02   5.2986500e+00  -1.9264400e+01   1.6942200e+00
   2.1800000e+02   1.8877300e+00  -1.9927200e+01   2.2526700e+00
   2.1900000e+02   1.1503900e+01  -1.3259100e+01   1.8762500e+00
   2.2000000e+02   6.4768400e+00  -7.6848700e+00   6.7915000e-01
   2.2100000e+02   1.9805600e+00  -1.2405000e+01   9.1097100e-01
   2.2200000e+02   1.1420900e+01  -3.5613500e+00   1.2542600e+00
   2.2300000e+02   4.9689000e+00   1.9789400e+00  -2.7306000e-01
   2.2400000e+02   6.9256000e+00   2.0819600e-02   1.4707200e+00
   2.2500000e+02   2.9501500e+00   6.3316600e+00   6.5000700e-02
   2.2600000e+02   8.4058300e+00   5.8012600e+00   5.0407800e-01
   2.2700000e+02  -3.4479900e+00   5.4340100e+00  -1.2398600e+00
   2.2800000e+02   1.2198800e+01   4.1381100e+00  -4.3024200e-01
   2.2900000e+02   1.2392100e+01   2.0576300e+00   1.4256700e+00
   2.3000000e+02   7.4762300e+00   1.4178000e+01   1.9898800e+00
   2.3100000e+02   4.4233100e+00   9.6189700e+00   3.6570900e+00
   2.3200000e+02  -2.0431700e-01   2.0158000e+01   1.4469100e+00
   2.3300000e+02   4.4517800e+00   1.6725800e+01   1.4325200e+00
   2.3400000e+02   6.3215200e+00   8.7544600e+00   1.7342300e+00
   2.3500000e+02   9.0033400e+00  -1.0390600e+01   3.4326600e-01
   2.3600000e+02  -2.1986000e+00  -1.1555400e+01   5.3094600e-01
   2.3700000e+02   1.0581600e+01  -9.0473700e+00   1.7811400e+00
   2.3800000e+02   9.9830300e+00  -1.4660900e+01   1.3752400e+00
   2.3900000e+02   8.5661500e+00  -1.6193400e+01   3.2952800e+00
   2.4000000e+02   6.5537500e+00   6.6799800e+00   1.0435200e+00
   2.4100000e+02   3.8592500e+00   3.6986800e+00   1.7037800e+00
   2.4200000e+02   4.1345700e+00  -7.3831600e+00  -5.9488200e-01
   2.4300000e+02   1.7746100e+01   3.7552000e+00   1.0545800e+00
   2.4400000e+02   1.4554600e+01  -8.2009500e-01   1.1079700e+00
   2.4500000e+02   1.3828200e+01   7.6993600e+00   3.3090200e-01
   2.4600000e+02   1.1862900e+01   8.2991500e+00   3.9288300e+00
   2.4700000e+02   1.7553700e+01   5.8584900e+00   8.3397100e-01
   2.4800000e+02   3.9028400e+00   1.3750100e+01   1.9287300e+00
   2.4900000e+02   9.7186300e+00   1.1186000e+01   6.6741300e-01
   2.5000000e+02   1.3998900e+01   5.4337000e+00  -7.2130600e-01
   2.5100000e+02   1.9895000e+01   8.6232600e-01   1.8220800e+00
   2.5200000e+02   2.5286600e+00   1.5316900e+01  -2.0833200e-01
   2.5300000e+02   8.0065300e+00  -1.3961400e+01   2.7965200e+00
   2.5400000e+02   6.6089100e+00  -1.5572400e+01   2.4933600e+00
   2.5500000e+02   1.6934500e+01  -3.6152400e+00  -1.6024000e+00
   2.5600000e+02   1.2174100e+01  -7.6914500e+00   2.1497600e+00
   2.5700000e+02   1.0188700e+01  -6.9766400e+00   2.1994600e-01
   2.5800000e+02   8.2514700e+00  -6.2623100e+00   1.9793200e+00
   2.5900000e+02   1.6036100e+01   2.5000500e+00   1.9566900e+00
   2.6000000e+02   1.3737300e+01  -6.3493700e+00   1.8645000e+00
   2.6100000e+02   1.5716200e+01  -7.0478100e+00  -6.7447000e-02
   2.6200000e+02   1.2059800e+01   6.2360700e+00   1.0904900e+00
   2.6300000e+02   1.2990000e+01  -2.1583000e+00   1.1346400e+00
   2.6400000e+02   1.0652000e+01   7.0148000e-01   1.9177200e+00
   2.6500000e+02   1.0153700e+01   7.0032600e+00   2.8007800e+00
   2.6600000e+02   1.5647100e+01   6.7119900e+00  -4.5942700e-01
   2.6700000e+02   1.1406000e+01   1.2440500e+01   1.6177100e+00
   2.6800000e+02   9.2491700e+00   1.5357500e+01   1.3232400e+00
   2.6900000e+02   4.2010800e+00   1.1684600e+01   2.0814400e+00
   2.7000000e+02   7.2853300e+00   1.6235800e+01   6.1766200e-01
   2.7100000e+02  -6.1028700e-01  -1.9507300e+01   8.7812800e-01
   2.7200000e+02   5.9503300e+00  -3.5038600e+00  -1.0253200e+00
   2.7300000e+02   9.5041400e+00  -1.2546700e+01   2.7695000e-01
   2.7400000e+02   1.1038600e+01  -1.1155500e+01  -2.1287500e-01
   2.7500000e+02   1.6301800e+01   4.6513000e-01   5.5816700e-01
   2.7600000e+02   1.4942300e+01  -2.8686200e+00  -1.4991500e-01
   2.7700000e+02   1.4099900e+01   3.3386600e+00   9.1789700e-01
   2.7800000e+02   1.2583000e+01  -4.9455700e-02   8.8929200e-01
   2.7900000e+02   9.8455000e+00  -4.9155700e+00  -6.0168900e-01
   2.8000000e+02   1.5326900e+01  -4.9775600e+00  -1.4173600e+00
   2.8100000e+02   1.0294700e+01   4.9325200e+00   5.1349500e-02
   2.8200000e+02   1.6554800e+01  -1.5827100e+00   1.5154700e-01
   2.8300000e+02   1.5875600e+01   4.6048700e+00   2.4317000e-02
   2.8400000e+02   8.6065500e+00   3.7558700e+00   1.7952200e+00
   2.8500000e+02   1.4286300e+01   1.2686900e+00   5.6139700e-01
   2.8600000e+02   1.1697600e+01   1.0382600e+01   1.2027600e+00
   2.8700000e+02   8.0100100e+00   1.0012500e+01   1.9065900e+00
   2.8800000e+02   1.1130200e+01   1.4486900e+01   9.2361400e-01
   2.8900000e+02   1.3029300e+01  -1.1851100e+01   1.9174000e+00
   2.9000000e+02   1.4579000e+01  -1.0416900e+01   1.6231000e+00
   2.9100000e+02   1.7308500e+01  -5.7004100e+00   2.2612300e+00
   2.9200000e+02   1.1793600e+01  -5.6251200e+00   1.0150700e+00
   2.9300000e+02   1.8294100e+01  -4.2810300e-01   9.5229200e-01
   2.9400000e+02   1.6199200e+01  -9.0715700e+00   3.6126800e-01
   2.9500000e+02   1.4131300e+01  -8.3989000e+00   1.0127600e+00
   2.9600000e+02   1.9692500e+01   2.9240700e+00   1.8872000e+00
   2.9700000e+02   1.3395000e+01  -4.2424900e+00  -1.6482900e+00
   2.9800000e+02   1.7986900e+01   1.6586800e+00   1.6122300e+00
   2.9900000e+02   9.4740900e+00  -2.8374800e+00   1.5593900e+00
   3.0000000e+02   1.8912300e+01  -4.1751300e+00   1.1796400e+00
