   1.0000000e+00  -1.5596900e+01  -7.5702500e+00   0.0000000e+00   0.0000000e+00
   2.0000000e+00  -1.7082190e+01  -1.5661230e+01   0.0000000e+00   0.0000000e+00
   3.0000000e+00  -2.0720330e+01  -1.3182710e+01   0.0000000e+00   0.0000000e+00
   4.0000000e+00  -2.2029320e+01  -6.4559000e-01   0.0000000e+00   0.0000000e+00
   5.0000000e+00  -1.9454430e+01  -4.2179900e+00   0.0000000e+00   0.0000000e+00
   6.0000000e+00  -1.4013970e+01  -4.2944400e+00   0.0000000e+00   0.0000000e+00
   7.0000000e+00  -1.6918160e+01   3.7632000e-01   0.0000000e+00   0.0000000e+00
   8.0000000e+00  -2.1514610e+01  -6.0866600e+00   0.0000000e+00   0.0000000e+00
   9.0000000e+00  -2.0559580e+01  -1.9450480e+01   0.0000000e+00   0.0000000e+00
   1.0000000e+01  -2.1931360e+01  -8.4786600e+00   0.0000000e+00   0.0000000e+00
   1.1000000e+01  -2.5980170e+01   3.7873300e+00   0.0000000e+00   0.0000000e+00
   1.2000000e+01  -2.1059180e+01   9.1204100e+00   0.0000000e+00   0.0000000e+00
   1.3000000e+01  -2.5667750e+01   6.9718300e+00   0.0000000e+00   0.0000000e+00
   1.4000000e+01  -2.1152550e+01   1.3007700e+01   0.0000000e+00   0.0000000e+00
   1.5000000e+01  -2.1539950e+01  -3.3492200e+00   0.0000000e+00   0.0000000e+00
   1.6000000e+01  -1.6792410e+01   8.8713700e+00   0.0000000e+00   0.0000000e+00
   1.7000000e+01  -1.5996710e+01   1.7478720e+01   0.0000000e+00   0.0000000e+00
   1.8000000e+01  -1.8632020e+01   1.5490480e+01   0.0000000e+00   0.0000000e+00
   1.9000000e+01  -1.5461720e+01  -1.7243430e+01   0.0000000e+00   0.0000000e+00
   2.0000000e+01  -1.1439870e+01  -5.0599500e+00   0.0000000e+00   0.0000000e+00
   2.1000000e+01  -1.4025890e+01  -1.9383650e+01   0.0000000e+00   0.0000000e+00
   2.2000000e+01  -1.2634290e+01  -7.1362800e+00   0.0000000e+00   0.0000000e+00
   2.3000000e+01  -1.1428110e+01  -2.8049000e+00   0.0000000e+00   0.0000000e+00
   2.4000000e+01  -2.6802180e+01  -8.4240800e+00   0.0000000e+00   0.0000000e+00
   2.5000000e+01  -1.9288260e+01  -6.4019200e+00   0.0000000e+00   0.0000000e+00
   2.6000000e+01  -1.6723180e+01   2.8510700e+00   0.0000000e+00   0.0000000e+00
   2.7000000e+01  -2.2987640e+01   1.2431500e+00   0.0000000e+00   0.0000000e+00
   2.8000000e+01  -1.1591180e+01   5.5108100e+00   0.0000000e+00   0.0000000e+00
   2.9000000e+01  -1.5136580e+01   7.3639000e+00   0.0000000e+00   0.0000000e+00
   3.0000000e+01  -1.2599040e+01   1.1593840e+01   0.0000000e+00   0.0000000e+00
   3.1000000e+01  -2.4527010e+01   1.0322170e+01   0.0000000e+00   0.0000000e+00
   3.2000000e+01  -1.6214990e+01  -5.3254300e+00   0.0000000e+00   0.0000000e+00
   3.3000000e+01  -1.9026480e+01   7.9354900e+00   0.0000000e+00   0.0000000e+00
   3.4000000e+01  -1.9714840e+01   1.1009390e+01   0.0000000e+00   0.0000000e+00
   3.5000000e+01  -2.3412510e+01  -2.2858000e+00   0.0000000e+00   0.0000000e+00
   3.6000000e+01  -1.1609960e+01   2.2522240e+01   0.0000000e+00   0.0000000e+00
   3.7000000e+01  -1.0162930e+01  -1.2931890e+01   0.0000000e+00   0.0000000e+00
   3.8000000e+01  -1.3194590e+01  -1.6707750e+01   0.0000000e+00   0.0000000e+00
   3.9000000e+01  -1.3556470e+01  -2.3316350e+01   0.0000000e+00   0.0000000e+00
   4.0000000e+01  -1.8457220e+01  -1.3970490e+01   0.0000000e+00   0.0000000e+00
   4.1000000e+01  -1.4442160e+01  -1.4601110e+01   0.0000000e+00   0.0000000e+00
   4.2000000e+01  -1.9369650e+01   3.9334100e+00   0.0000000e+00   0.0000000e+00
   4.3000000e+01  -1.0491930e+01  -7.4558700e+00   0.0000000e+00   0.0000000e+00
   4.4000000e+01  -1.8174810e+01  -8.3560700e+00   0.0000000e+00   0.0000000e+00
   4.5000000e+01  -1.3929430e+01  -2.0095400e+00   0.0000000e+00   0.0000000e+00
   4.6000000e+01  -1.7088100e+01  -2.6523000e+00   0.0000000e+00   0.0000000e+00
   4.7000000e+01  -7.8497100e+00   7.5475700e+00   0.0000000e+00   0.0000000e+00
   4.8000000e+01  -1.4673250e+01   1.2490990e+01   0.0000000e+00   0.0000000e+00
   4.9000000e+01  -1.3044440e+01   1.4025280e+01   0.0000000e+00   0.0000000e+00
   5.0000000e+01  -2.1939790e+01   3.6896500e+00   0.0000000e+00   0.0000000e+00
   5.1000000e+01  -1.4002370e+01   9.3371600e+00   0.0000000e+00   0.0000000e+00
   5.2000000e+01  -4.6939800e+00   1.4959230e+01   0.0000000e+00   0.0000000e+00
   5.3000000e+01  -9.1253500e+00   2.5849880e+01   0.0000000e+00   0.0000000e+00
   5.4000000e+01  -1.4261750e+01   2.0000120e+01   0.0000000e+00   0.0000000e+00
   5.5000000e+01  -3.9630000e+00  -2.4719240e+01   0.0000000e+00   0.0000000e+00
   5.6000000e+01  -1.5991520e+01  -1.0117400e+01   0.0000000e+00   0.0000000e+00
   5.7000000e+01  -1.5294260e+01  -1.2138350e+01   0.0000000e+00   0.0000000e+00
   5.8000000e+01  -6.9117400e+00  -1.9159780e+01   0.0000000e+00   0.0000000e+00
   5.9000000e+01  -1.5007700e+01   1.5859100e+00   0.0000000e+00   0.0000000e+00
   6.0000000e+01  -8.5274200e+00  -1.1084670e+01   0.0000000e+00   0.0000000e+00
   6.1000000e+01  -1.9826710e+01  -4.1934000e-01   0.0000000e+00   0.0000000e+00
   6.2000000e+01  -3.1019600e+00  -1.2989970e+01   0.0000000e+00   0.0000000e+00
   6.3000000e+01  -1.2700470e+01   1.4129700e+00   0.0000000e+00   0.0000000e+00
   6.4000000e+01  -9.6032300e+00  -3.5478000e-01   0.0000000e+00   0.0000000e+00
   6.5000000e+01  -1.3776650e+01   5.2913200e+00   0.0000000e+00   0.0000000e+00
   6.6000000e+01  -2.0685510e+01   6.6620100e+00   0.0000000e+00   0.0000000e+00
   6.7000000e+01  -5.8933200e+00   1.0876100e+00   0.0000000e+00   0.0000000e+00
   6.8000000e+01  -1.1659930e+01   9.6508700e+00   0.0000000e+00   0.0000000e+00
   6.9000000e+01  -2.3577520e+01   5.1639400e+00   0.0000000e+00   0.0000000e+00
   7.0000000e+01  -1.1024470e+01   1.4614480e+01   0.0000000e+00   0.0000000e+00
   7.1000000e+01  -1.6407570e+01   1.1226280e+01   0.0000000e+00   0.0000000e+00
   7.2000000e+01   1.7033600e+00   2.2477060e+01   0.0000000e+00   0.0000000e+00
   7.3000000e+01  -1.8716930e+01  -1.7984150e+01   0.0000000e+00   0.0000000e+00
   7.4000000e+01  -1.6751290e+01  -1.9908850e+01   0.0000000e+00   0.0000000e+00
   7.5000000e+01  -7.5390300e+00  -9.2100800e+00   0.0000000e+00   0.0000000e+00
   7.6000000e+01   5.9221000e-01  -2.0366300e+00   0.0000000e+00   0.0000000e+00
   7.7000000e+01  -1.1983060e+01  -1.4387560e+01   0.0000000e+00   0.0000000e+00
   7.8000000e+01  -1.1838400e+01  -1.1694350e+01   0.0000000e+00   0.0000000e+00
   7.9000000e+01  -5.8544100e+00  -7.0965000e+00   0.0000000e+00   0.0000000e+00
   8.0000000e+01  -7.4561000e+00   9.7212300e+00   0.0000000e+00   0.0000000e+00
   8.1000000e+01  -1.1762510e+01  -9.2326500e+00   0.0000000e+00   0.0000000e+00
   8.2000000e+01  -1.9224030e+01   1.6627400e+00   0.0000000e+00   0.0000000e+00
   8.3000000e+01  -6.5858900e+00  -2.7503400e+00   0.0000000e+00   0.0000000e+00
   8.4000000e+01  -9.9155800e+00   8.2593600e+00   0.0000000e+00   0.0000000e+00
   8.5000000e+01  -8.1649000e+00   1.2942260e+01   0.0000000e+00   0.0000000e+00
   8.6000000e+01  -1.2461570e+01   1.6277770e+01   0.0000000e+00   0.0000000e+00
   8.7000000e+01  -1.7117260e+01   5.4300800e+00   0.0000000e+00   0.0000000e+00
   8.8000000e+01  -1.0094050e+01   1.6533650e+01   0.0000000e+00   0.0000000e+00
   8.9000000e+01   5.7869000e-01   1.7388990e+01   0.0000000e+00   0.0000000e+00
   9.0000000e+01  -1.1040860e+01   1.9746990e+01   0.0000000e+00   0.0000000e+00
   9.1000000e+01   5.4783000e+00  -2.3960180e+01   0.0000000e+00   0.0000000e+00
   9.2000000e+01   2.3963800e+00  -2.3580260e+01   0.0000000e+00   0.0000000e+00
   9.3000000e+01  -3.6302400e+00  -1.9281530e+01   0.0000000e+00   0.0000000e+00
   9.4000000e+01  -9.8262600e+00  -1.5984990e+01   0.0000000e+00   0.0000000e+00
   9.5000000e+01  -5.9299900e+00  -1.0730600e+01   0.0000000e+00   0.0000000e+00
   9.6000000e+01   8.1370000e-01  -4.9526700e+00   0.0000000e+00   0.0000000e+00
   9.7000000e+01  -2.6850780e+01   4.6099000e-01   0.0000000e+00   0.0000000e+00
   9.8000000e+01  -8.6981100e+00  -2.5669200e+00   0.0000000e+00   0.0000000e+00
   9.9000000e+01  -9.2936200e+00   5.6228800e+00   0.0000000e+00   0.0000000e+00
   1.0000000e+02  -6.7262100e+00  -5.0485200e+00   0.0000000e+00   0.0000000e+00
   1.0100000e+02  -2.1956400e+00  -4.9873000e+00   0.0000000e+00   0.0000000e+00
   1.0200000e+02  -1.6956290e+01   1.3731250e+01   0.0000000e+00   0.0000000e+00
   1.0300000e+02  -1.2661200e+00   1.8810010e+01   0.0000000e+00   0.0000000e+00
   1.0400000e+02  -1.9704900e+00   8.9501300e+00   0.0000000e+00   0.0000000e+00
   1.0500000e+02  -1.5095190e+01   1.5451360e+01   0.0000000e+00   0.0000000e+00
   1.0600000e+02  -8.9404300e+00   2.2780690e+01   0.0000000e+00   0.0000000e+00
   1.0700000e+02  -8.2962300e+00   1.9565950e+01   0.0000000e+00   0.0000000e+00
   1.0800000e+02  -5.8166100e+00   2.3324300e+01   0.0000000e+00   0.0000000e+00
   1.0900000e+02  -3.1268000e-01  -1.8744570e+01   0.0000000e+00   0.0000000e+00
   1.1000000e+02  -1.0031430e+01  -1.9162630e+01   0.0000000e+00   0.0000000e+00
   1.1100000e+02  -7.7731800e+00  -1.6824850e+01   0.0000000e+00   0.0000000e+00
   1.1200000e+02  -5.6537600e+00  -1.3374210e+01   0.0000000e+00   0.0000000e+00
   1.1300000e+02   2.7689400e+00  -6.0362100e+00   0.0000000e+00   0.0000000e+00
   1.1400000e+02  -4.7175700e+00  -8.9848100e+00   0.0000000e+00   0.0000000e+00
   1.1500000e+02  -1.3724650e+01  -1.0682700e+01   0.0000000e+00   0.0000000e+00
   1.1600000e+02  -4.8672700e+00  -1.0228000e+00   0.0000000e+00   0.0000000e+00
   1.1700000e+02  -1.2250200e+00  -3.1425100e+00   0.0000000e+00   0.0000000e+00
   1.1800000e+02  -9.0926000e+00  -5.0245600e+00   0.0000000e+00   0.0000000e+00
   1.1900000e+02  -9.5170200e+00   1.0437720e+01   0.0000000e+00   0.0000000e+00
   1.2000000e+02  -1.0258950e+01   1.2681980e+01   0.0000000e+00   0.0000000e+00
   1.2100000e+02  -3.0397000e-01   2.0688930e+01   0.0000000e+00   0.0000000e+00
   1.2200000e+02  -3.5330900e+00   1.7552100e+00   0.0000000e+00   0.0000000e+00
   1.2300000e+02  -7.0624000e-01   1.5127560e+01   0.0000000e+00   0.0000000e+00
   1.2400000e+02  -6.9623900e+00   1.7329520e+01   0.0000000e+00   0.0000000e+00
   1.2500000e+02  -5.1508000e+00   2.0436730e+01   0.0000000e+00   0.0000000e+00
   1.2600000e+02  -5.8087000e-01   2.2757350e+01   0.0000000e+00   0.0000000e+00
   1.2700000e+02  -8.5108000e-01  -1.2032870e+01   0.0000000e+00   0.0000000e+00
   1.2800000e+02  -1.0455340e+01  -2.2703600e+01   0.0000000e+00   0.0000000e+00
   1.2900000e+02  -5.1468000e+00  -1.7880090e+01   0.0000000e+00   0.0000000e+00
   1.3000000e+02  -8.0461600e+00  -1.4302440e+01   0.0000000e+00   0.0000000e+00
   1.3100000e+02  -3.2658700e+00  -6.8664000e+00   0.0000000e+00   0.0000000e+00
   1.3200000e+02   1.6857900e+00  -1.7015460e+01   0.0000000e+00   0.0000000e+00
   1.3300000e+02   9.0978000e-01  -8.6127100e+00   0.0000000e+00   0.0000000e+00
   1.3400000e+02   5.1924400e+00  -2.8090600e+00   0.0000000e+00   0.0000000e+00
   1.3500000e+02   7.8140700e+00  -6.9997600e+00   0.0000000e+00   0.0000000e+00
   1.3600000e+02   2.6335100e+00  -1.4560300e+00   0.0000000e+00   0.0000000e+00
   1.3700000e+02  -4.3535500e+00  -3.7324300e+00   0.0000000e+00   0.0000000e+00
   1.3800000e+02  -5.6721100e+00   3.7537600e+00   0.0000000e+00   0.0000000e+00
   1.3900000e+02  -3.3733300e+00   1.0743030e+01   0.0000000e+00   0.0000000e+00
   1.4000000e+02  -5.5803600e+00   1.0671640e+01   0.0000000e+00   0.0000000e+00
   1.4100000e+02  -7.5431200e+00   1.5316500e+01   0.0000000e+00   0.0000000e+00
   1.4200000e+02  -2.8053500e+00   1.5887780e+01   0.0000000e+00   0.0000000e+00
   1.4300000e+02  -3.7158400e+00   1.8615850e+01   0.0000000e+00   0.0000000e+00
   1.4400000e+02   5.1066600e+00   1.5593440e+01   0.0000000e+00   0.0000000e+00
   1.4500000e+02   4.0671600e+00  -2.2362930e+01   0.0000000e+00   0.0000000e+00
   1.4600000e+02  -3.2495000e+00  -1.0589270e+01   0.0000000e+00   0.0000000e+00
   1.4700000e+02   6.8864100e+00  -1.6179680e+01   0.0000000e+00   0.0000000e+00
   1.4800000e+02  -6.1078200e+00  -1.5433210e+01   0.0000000e+00   0.0000000e+00
   1.4900000e+02   7.3829300e+00  -2.7155800e+00   0.0000000e+00   0.0000000e+00
   1.5000000e+02  -8.2322100e+00  -7.2371900e+00   0.0000000e+00   0.0000000e+00
   1.5100000e+02  -1.2228500e+00  -8.9439800e+00   0.0000000e+00   0.0000000e+00
   1.5200000e+02   4.5772600e+00  -7.0712200e+00   0.0000000e+00   0.0000000e+00
   1.5300000e+02   1.9048900e+00   2.9375600e+00   0.0000000e+00   0.0000000e+00
   1.5400000e+02  -3.4460000e-01  -1.8980000e-02   0.0000000e+00   0.0000000e+00
   1.5500000e+02  -1.0309800e+01   1.6549700e+00   0.0000000e+00   0.0000000e+00
   1.5600000e+02  -1.2430400e+01   3.4606200e+00   0.0000000e+00   0.0000000e+00
   1.5700000e+02  -1.0155300e+00   6.3228000e+00   0.0000000e+00   0.0000000e+00
   1.5800000e+02  -3.0126700e+00   2.0863180e+01   0.0000000e+00   0.0000000e+00
   1.5900000e+02   1.2509500e+01   1.7437920e+01   0.0000000e+00   0.0000000e+00
   1.6000000e+02   3.0659400e+00   1.6061730e+01   0.0000000e+00   0.0000000e+00
   1.6100000e+02  -1.1828900e+00   1.1186330e+01   0.0000000e+00   0.0000000e+00
   1.6200000e+02  -3.5369400e+00   2.3174040e+01   0.0000000e+00   0.0000000e+00
   1.6300000e+02  -2.9729500e+00  -2.2291580e+01   0.0000000e+00   0.0000000e+00
   1.6400000e+02  -8.5432500e+00  -2.3744030e+01   0.0000000e+00   0.0000000e+00
   1.6500000e+02   3.9286600e+00  -1.8331100e+01   0.0000000e+00   0.0000000e+00
   1.6600000e+02   5.1605400e+00  -1.4840260e+01   0.0000000e+00   0.0000000e+00
   1.6700000e+02   3.4463400e+00  -1.3253470e+01   0.0000000e+00   0.0000000e+00
   1.6800000e+02  -1.9219700e+00  -1.6297820e+01   0.0000000e+00   0.0000000e+00
   1.6900000e+02   6.5044200e+00   4.2823600e+00   0.0000000e+00   0.0000000e+00
   1.7000000e+02   1.6859200e+00  -1.1335330e+01   0.0000000e+00   0.0000000e+00
   1.7100000e+02   1.1816520e+01   2.6117500e+00   0.0000000e+00   0.0000000e+00
   1.7200000e+02   4.6170200e+00  -1.6104000e-01   0.0000000e+00   0.0000000e+00
   1.7300000e+02  -1.1973320e+01  -5.6785000e-01   0.0000000e+00   0.0000000e+00
   1.7400000e+02   1.8430400e+00   5.9124000e-01   0.0000000e+00   0.0000000e+00
   1.7500000e+02  -5.2583400e+00   8.4764600e+00   0.0000000e+00   0.0000000e+00
   1.7600000e+02   8.0193400e+00   1.2916130e+01   0.0000000e+00   0.0000000e+00
   1.7700000e+02  -1.3866000e-01   3.8538200e+00   0.0000000e+00   0.0000000e+00
   1.7800000e+02   1.1516800e+00   1.2838370e+01   0.0000000e+00   0.0000000e+00
   1.7900000e+02   5.6184800e+00   2.0851730e+01   0.0000000e+00   0.0000000e+00
   1.8000000e+02   3.3579900e+00   2.5075640e+01   0.0000000e+00   0.0000000e+00
   1.8100000e+02   7.8237700e+00  -1.1828190e+01   0.0000000e+00   0.0000000e+00
   1.8200000e+02   5.3070000e-02  -2.2427280e+01   0.0000000e+00   0.0000000e+00
   1.8300000e+02  -6.3142600e+00  -2.2260710e+01   0.0000000e+00   0.0000000e+00
   1.8400000e+02  -1.3086900e+00  -1.4125670e+01   0.0000000e+00   0.0000000e+00
   1.8500000e+02   5.4378900e+00  -1.2620840e+01   0.0000000e+00   0.0000000e+00
   1.8600000e+02   8.0036700e+00  -2.3604230e+01   0.0000000e+00   0.0000000e+00
   1.8700000e+02   5.5627200e+00  -9.8277800e+00   0.0000000e+00   0.0000000e+00
   1.8800000e+02   8.7609100e+00   3.2386000e+00   0.0000000e+00   0.0000000e+00
   1.8900000e+02   5.2238900e+00  -5.1162700e+00   0.0000000e+00   0.0000000e+00
   1.9000000e+02  -3.8450500e+00   4.7307300e+00   0.0000000e+00   0.0000000e+00
   1.9100000e+02   8.9053000e-01   8.9296800e+00   0.0000000e+00   0.0000000e+00
   1.9200000e+02   2.4013200e+00   4.9575900e+00   0.0000000e+00   0.0000000e+00
   1.9300000e+02   5.9555500e+00   8.2052400e+00   0.0000000e+00   0.0000000e+00
   1.9400000e+02   3.8429500e+00   1.1505310e+01   0.0000000e+00   0.0000000e+00
   1.9500000e+02   9.5010000e+00   1.0078490e+01   0.0000000e+00   0.0000000e+00
   1.9600000e+02   3.4057600e+00   1.3935790e+01   0.0000000e+00   0.0000000e+00
   1.9700000e+02   1.0659500e+01   2.4072230e+01   0.0000000e+00   0.0000000e+00
   1.9800000e+02   6.1126500e+00   2.3918620e+01   0.0000000e+00   0.0000000e+00
   1.9900000e+02   1.0758200e+00  -1.3665350e+01   0.0000000e+00   0.0000000e+00
   2.0000000e+02   2.6137600e+00  -2.0571040e+01   0.0000000e+00   0.0000000e+00
   2.0100000e+02   6.6477200e+00  -1.9054610e+01   0.0000000e+00   0.0000000e+00
   2.0200000e+02   1.5744980e+01  -1.4097780e+01   0.0000000e+00   0.0000000e+00
   2.0300000e+02   1.0689380e+01  -1.0417890e+01   0.0000000e+00   0.0000000e+00
   2.0400000e+02   9.7725100e+00  -3.4821400e+00   0.0000000e+00   0.0000000e+00
   2.0500000e+02   9.1911600e+00  -1.6856680e+01   0.0000000e+00   0.0000000e+00
   2.0600000e+02   4.6657200e+00   6.0952700e+00   0.0000000e+00   0.0000000e+00
   2.0700000e+02   3.0538400e+00  -3.6755400e+00   0.0000000e+00   0.0000000e+00
   2.0800000e+02   1.3614370e+01  -1.7640200e+00   0.0000000e+00   0.0000000e+00
   2.0900000e+02   9.0834400e+00  -1.5481200e+00   0.0000000e+00   0.0000000e+00
   2.1000000e+02   9.4551600e+00   1.1380200e+00   0.0000000e+00   0.0000000e+00
   2.1100000e+02  -2.4063800e+00  -3.1904000e-01   0.0000000e+00   0.0000000e+00
   2.1200000e+02   1.2487810e+01   1.0666240e+01   0.0000000e+00   0.0000000e+00
   2.1300000e+02   1.2875700e+00   6.7273700e+00   0.0000000e+00   0.0000000e+00
   2.1400000e+02  -1.4684400e+00   1.7716100e+00   0.0000000e+00   0.0000000e+00
   2.1500000e+02   9.6416800e+00   1.5324060e+01   0.0000000e+00   0.0000000e+00
   2.1600000e+02   8.4616000e+00   2.2066340e+01   0.0000000e+00   0.0000000e+00
   2.1700000e+02   7.7869700e+00  -2.6197400e+01   0.0000000e+00   0.0000000e+00
   2.1800000e+02   4.4014800e+00  -2.7358090e+01   0.0000000e+00   0.0000000e+00
   2.1900000e+02   1.4184900e+01  -1.9034130e+01   0.0000000e+00   0.0000000e+00
   2.2000000e+02   8.6460800e+00  -9.5939200e+00   0.0000000e+00   0.0000000e+00
   2.2100000e+02   2.8122100e+00  -1.5272390e+01   0.0000000e+00   0.0000000e+00
   2.2200000e+02   1.4011720e+01  -5.9106700e+00   0.0000000e+00   0.0000000e+00
   2.2300000e+02   6.7581300e+00   2.0272300e+00   0.0000000e+00   0.0000000e+00
   2.2400000e+02   6.9142300e+00  -3.7999000e-01   0.0000000e+00   0.0000000e+00
   2.2500000e+02   3.2543600e+00   8.6416300e+00   0.0000000e+00   0.0000000e+00
   2.2600000e+02   1.0329150e+01   6.7334100e+00   0.0000000e+00   0.0000000e+00
   2.2700000e+02  -3.0308800e+00   6.8767700e+00   0.0000000e+00   0.0000000e+00
   2.2800000e+02   1.4363680e+01   5.4535800e+00   0.0000000e+00   0.0000000e+00
   2.2900000e+02   1.4675250e+01   3.0540900e+00   0.0000000e+00   0.0000000e+00
   2.3000000e+02   7.8082300e+00   1.7138370e+01   0.0000000e+00   0.0000000e+00
   2.3100000e+02   5.6673500e+00   1.2941700e+01   0.0000000e+00   0.0000000e+00
   2.3200000e+02   5.5100000e-02   2.5293230e+01   0.0000000e+00   0.0000000e+00
   2.3300000e+02   3.9432500e+00   2.2509450e+01   0.0000000e+00   0.0000000e+00
   2.3400000e+02   7.3308200e+00   1.0612830e+01   0.0000000e+00   0.0000000e+00
   2.3500000e+02   9.7531000e+00  -1.4020930e+01   0.0000000e+00   0.0000000e+00
   2.3600000e+02  -3.8077200e+00  -1.5284840e+01   0.0000000e+00   0.0000000e+00
   2.3700000e+02   1.2781440e+01  -1.1577120e+01   0.0000000e+00   0.0000000e+00
   2.3800000e+02   1.1701040e+01  -1.7861270e+01   0.0000000e+00   0.0000000e+00
   2.3900000e+02   1.2445440e+01  -2.2021910e+01   0.0000000e+00   0.0000000e+00
   2.4000000e+02   7.6381000e+00   6.7346700e+00   0.0000000e+00   0.0000000e+00
   2.4100000e+02   4.4979000e+00   3.1959100e+00   0.0000000e+00   0.0000000e+00
   2.4200000e+02   3.3858600e+00  -9.4604100e+00   0.0000000e+00   0.0000000e+00
   2.4300000e+02   2.2954650e+01   3.8919700e+00   0.0000000e+00   0.0000000e+00
   2.4400000e+02   1.5698780e+01  -1.9504700e+00   0.0000000e+00   0.0000000e+00
   2.4500000e+02   1.8615160e+01   8.7965200e+00   0.0000000e+00   0.0000000e+00
   2.4600000e+02   1.6832700e+01   1.1783470e+01   0.0000000e+00   0.0000000e+00
   2.4700000e+02   2.2683260e+01   1.0203560e+01   0.0000000e+00   0.0000000e+00
   2.4800000e+02   4.4283000e+00   1.8320140e+01   0.0000000e+00   0.0000000e+00
   2.4900000e+02   1.2089610e+01   1.5115500e+01   0.0000000e+00   0.0000000e+00
   2.5000000e+02   1.9103450e+01   6.1072400e+00   0.0000000e+00   0.0000000e+00
   2.5100000e+02   2.2647460e+01   7.4534000e-01   0.0000000e+00   0.0000000e+00
   2.5200000e+02   2.2359000e+00   2.0249330e+01   0.0000000e+00   0.0000000e+00
   2.5300000e+02   1.0608260e+01  -1.9689860e+01   0.0000000e+00   0.0000000e+00
   2.5400000e+02   8.5073200e+00  -2.0554740e+01   0.0000000e+00   0.0000000e+00
   2.5500000e+02   2.1765770e+01  -3.7604700e+00   0.0000000e+00   0.0000000e+00
   2.5600000e+02   1.4860200e+01  -1.2167060e+01   0.0000000e+00   0.0000000e+00
   2.5700000e+02   1.2988820e+01  -8.1050200e+00   0.0000000e+00   0.0000000e+00
   2.5800000e+02   1.0154890e+01  -7.3277200e+00   0.0000000e+00   0.0000000e+00
   2.5900000e+02   1.9577900e+01   3.7805800e+00   0.0000000e+00   0.0000000e+00
   2.6000000e+02   1.7545890e+01  -8.2266600e+00   0.0000000e+00   0.0000000e+00
   2.6100000e+02   1.9310540e+01  -9.4734600e+00   0.0000000e+00   0.0000000e+00
   2.6200000e+02   1.6502690e+01   8.5191500e+00   0.0000000e+00   0.0000000e+00
   2.6300000e+02   1.4878700e+01  -3.8687500e+00   0.0000000e+00   0.0000000e+00
   2.6400000e+02   1.2881700e+01   8.4055000e-01   0.0000000e+00   0.0000000e+00
   2.6500000e+02   1.3803480e+01   8.4952600e+00   0.0000000e+00   0.0000000e+00
   2.6600000e+02   2.0777570e+01   9.2037600e+00   0.0000000e+00   0.0000000e+00
   2.6700000e+02   1.4433190e+01   1.5901840e+01   0.0000000e+00   0.0000000e+00
   2.6800000e+02   1.2998090e+01   2.3133560e+01   0.0000000e+00   0.0000000e+00
   2.6900000e+02   7.0586800e+00   1.4804450e+01   0.0000000e+00   0.0000000e+00
   2.7000000e+02   8.4254600e+00   1.9518550e+01   0.0000000e+00   0.0000000e+00
   2.7100000e+02   5.4001000e-01  -2.5115270e+01   0.0000000e+00   0.0000000e+00
   2.7200000e+02   8.0766300e+00  -4.7381000e+00   0.0000000e+00   0.0000000e+00
   2.7300000e+02   1.1700610e+01  -1.5512470e+01   0.0000000e+00   0.0000000e+00
   2.7400000e+02   1.3573050e+01  -1.4255020e+01   0.0000000e+00   0.0000000e+00
   2.7500000e+02   1.9386440e+01  -3.6012000e-01   0.0000000e+00   0.0000000e+00
   2.7600000e+02   1.7005040e+01  -3.9732100e+00   0.0000000e+00   0.0000000e+00
   2.7700000e+02   1.7216650e+01   3.9429500e+00   0.0000000e+00   0.0000000e+00
   2.7800000e+02   1.4909880e+01   2.4590000e-02   0.0000000e+00   0.0000000e+00
   2.7900000e+02   1.1794420e+01  -5.7707200e+00   0.0000000e+00   0.0000000e+00
   2.8000000e+02   1.9966860e+01  -5.5314100e+00   0.0000000e+00   0.0000000e+00
   2.8100000e+02   1.2464630e+01   6.8049600e+00   0.0000000e+00   0.0000000e+00
   2.8200000e+02   1.8074720e+01  -2.1490100e+00   0.0000000e+00   0.0000000e+00
   2.8300000e+02   2.1397140e+01   6.2631600e+00   0.0000000e+00   0.0000000e+00
   2.8400000e+02   1.1895720e+01   4.7802000e+00   0.0000000e+00   0.0000000e+00
   2.8500000e+02   1.7259590e+01   1.6126800e+00   0.0000000e+00   0.0000000e+00
   2.8600000e+02   1.3770960e+01   1.3555510e+01   0.0000000e+00   0.0000000e+00
   2.8700000e+02   1.0278000e+01   1.3336120e+01   0.0000000e+00   0.0000000e+00
   2.8800000e+02   1.6718940e+01   1.8459430e+01   0.0000000e+00   0.0000000e+00
   2.8900000e+02   1.5589740e+01  -1.7316860e+01   0.0000000e+00   0.0000000e+00
   2.9000000e+02   1.7899340e+01  -1.5752680e+01   0.0000000e+00   0.0000000e+00
   2.9100000e+02   2.1439630e+01  -7.7886600e+00   0.0000000e+00   0.0000000e+00
   2.9200000e+02   1.5205340e+01  -8.1465500e+00   0.0000000e+00   0.0000000e+00
   2.9300000e+02   2.1397370e+01  -9.2711000e-01   0.0000000e+00   0.0000000e+00
   2.9400000e+02   2.1182320e+01  -1.3849080e+01   0.0000000e+00   0.0000000e+00
   2.9500000e+02   1.7206690e+01  -1.1747390e+01   0.0000000e+00   0.0000000e+00
   2.9600000e+02   2.7492480e+01   5.9222700e+00   0.0000000e+00   0.0000000e+00
   2.9700000e+02   1.7667590e+01  -5.9541800e+00   0.0000000e+00   0.0000000e+00
   2.9800000e+02   2.1009690e+01   2.2003100e+00   0.0000000e+00   0.0000000e+00
   2.9900000e+02   1.1447570e+01  -1.2332400e+00   0.0000000e+00   0.0000000e+00
   3.0000000e+02   2.4976880e+01  -7.6352000e+00   0.0000000e+00   0.0000000e+00
