0	0	0.0125	0.0125
0	1	0.0125	0.0375
0	2	0.0125	0.0625
0	3	0.0125	0.0875
0	4	0.0125	0.1125
0	5	0.0125	0.1375
0	6	0.0125	0.1625
0	7	0.0125	0.1875
0	8	0.0125	0.2125
0	9	0.0125	0.2375
0	10	0.0125	0.2625
0	11	0.0125	0.2875
0	12	0.0125	0.3125
0	13	0.0125	0.3375
0	14	0.0125	0.3625
0	15	0.0125	0.3875
0	16	0.0125	0.4125
0	17	0.0125	0.4375
0	18	0.0125	0.4625
0	19	0.0125	0.4875
0	20	0.0125	0.5125
0	21	0.0125	0.5375
0	22	0.0125	0.5625
0	23	0.0125	0.5875
0	24	0.0125	0.6125
0	25	0.0125	0.6375
0	26	0.0125	0.6625
0	27	0.0125	0.6875
0	28	0.0125	0.7125
0	29	0.0125	0.7375
0	30	0.0125	0.7625
0	31	0.0125	0.7875
0	32	0.0125	0.8125
0	33	0.0125	0.8375
0	34	0.0125	0.8625
0	35	0.0125	0.8875
0	36	0.0125	0.9125
0	37	0.0125	0.9375
0	38	0.0125	0.9625
0	39	0.0125	0.9875
1	0	0.0375	0.0125
1	1	0.0375	0.0375
1	2	0.0375	0.0625
1	3	0.0375	0.0875
1	4	0.0375	0.1125
1	5	0.0375	0.1375
1	6	0.0375	0.1625
1	7	0.0375	0.1875
1	8	0.0375	0.2125
1	9	0.0375	0.2375
1	10	0.0375	0.2625
1	11	0.0375	0.2875
1	12	0.0375	0.3125
1	13	0.0375	0.3375
1	14	0.0375	0.3625
1	15	0.0375	0.3875
1	16	0.0375	0.4125
1	17	0.0375	0.4375
1	18	0.0375	0.4625
1	19	0.0375	0.4875
1	20	0.0375	0.5125
1	21	0.0375	0.5375
1	22	0.0375	0.5625
1	23	0.0375	0.5875
1	24	0.0375	0.6125
1	25	0.0375	0.6375
1	26	0.0375	0.6625
1	27	0.0375	0.6875
1	28	0.0375	0.7125
1	29	0.0375	0.7375
1	30	0.0375	0.7625
1	31	0.0375	0.7875
1	32	0.0375	0.8125
1	33	0.0375	0.8375
1	34	0.0375	0.8625
1	35	0.0375	0.8875
1	36	0.0375	0.9125
1	37	0.0375	0.9375
1	38	0.0375	0.9625
1	39	0.0375	0.9875
2	0	0.0625	0.0125
2	1	0.0625	0.0375
2	2	0.0625	0.0625
2	3	0.0625	0.0875
2	4	0.0625	0.1125
2	5	0.0625	0.1375
2	6	0.0625	0.1625
2	7	0.0625	0.1875
2	8	0.0625	0.2125
2	9	0.0625	0.2375
2	10	0.0625	0.2625
2	11	0.0625	0.2875
2	12	0.0625	0.3125
2	13	0.0625	0.3375
2	14	0.0625	0.3625
2	15	0.0625	0.3875
2	16	0.0625	0.4125
2	17	0.0625	0.4375
2	18	0.0625	0.4625
2	19	0.0625	0.4875
2	20	0.0625	0.5125
2	21	0.0625	0.5375
2	22	0.0625	0.5625
2	23	0.0625	0.5875
2	24	0.0625	0.6125
2	25	0.0625	0.6375
2	26	0.0625	0.6625
2	27	0.0625	0.6875
2	28	0.0625	0.7125
2	29	0.0625	0.7375
2	30	0.0625	0.7625
2	31	0.0625	0.7875
2	32	0.0625	0.8125
2	33	0.0625	0.8375
2	34	0.0625	0.8625
2	35	0.0625	0.8875
2	36	0.0625	0.9125
2	37	0.0625	0.9375
2	38	0.0625	0.9625
2	39	0.0625	0.9875
3	0	0.0875	0.0125
3	1	0.0875	0.0375
3	2	0.0875	0.0625
3	3	0.0875	0.0875
3	4	0.0875	0.1125
3	5	0.0875	0.1375
3	6	0.0875	0.1625
3	7	0.0875	0.1875
3	8	0.0875	0.2125
3	9	0.0875	0.2375
3	10	0.0875	0.2625
3	11	0.0875	0.2875
3	12	0.0875	0.3125
3	13	0.0875	0.3375
3	14	0.0875	0.3625
3	15	0.0875	0.3875
3	16	0.0875	0.4125
3	17	0.0875	0.4375
3	18	0.0875	0.4625
3	19	0.0875	0.4875
3	20	0.0875	0.5125
3	21	0.0875	0.5375
3	22	0.0875	0.5625
3	23	0.0875	0.5875
3	24	0.0875	0.6125
3	25	0.0875	0.6375
3	26	0.0875	0.6625
3	27	0.0875	0.6875
3	28	0.0875	0.7125
3	29	0.0875	0.7375
3	30	0.0875	0.7625
3	31	0.0875	0.7875
3	32	0.0875	0.8125
3	33	0.0875	0.8375
3	34	0.0875	0.8625
3	35	0.0875	0.8875
3	36	0.0875	0.9125
3	37	0.0875	0.9375
3	38	0.0875	0.9625
3	39	0.0875	0.9875
4	0	0.1125	0.0125
4	1	0.1125	0.0375
4	2	0.1125	0.0625
4	3	0.1125	0.0875
4	4	0.1125	0.1125
4	5	0.1125	0.1375
4	6	0.1125	0.1625
4	7	0.1125	0.1875
4	8	0.1125	0.2125
4	9	0.1125	0.2375
4	10	0.1125	0.2625
4	11	0.1125	0.2875
4	12	0.1125	0.3125
4	13	0.1125	0.3375
4	14	0.1125	0.3625
4	15	0.1125	0.3875
4	16	0.1125	0.4125
4	17	0.1125	0.4375
4	18	0.1125	0.4625
4	19	0.1125	0.4875
4	20	0.1125	0.5125
4	21	0.1125	0.5375
4	22	0.1125	0.5625
4	23	0.1125	0.5875
4	24	0.1125	0.6125
4	25	0.1125	0.6375
4	26	0.1125	0.6625
4	27	0.1125	0.6875
4	28	0.1125	0.7125
4	29	0.1125	0.7375
4	30	0.1125	0.7625
4	31	0.1125	0.7875
4	32	0.1125	0.8125
4	33	0.1125	0.8375
4	34	0.1125	0.8625
4	35	0.1125	0.8875
4	36	0.1125	0.9125
4	37	0.1125	0.9375
4	38	0.1125	0.9625
4	39	0.1125	0.9875
5	0	0.1375	0.0125
5	1	0.1375	0.0375
5	2	0.1375	0.0625
5	3	0.1375	0.0875
5	4	0.1375	0.1125
5	5	0.1375	0.1375
5	6	0.1375	0.1625
5	7	0.1375	0.1875
5	8	0.1375	0.2125
5	9	0.1375	0.2375
5	10	0.1375	0.2625
5	11	0.1375	0.2875
5	12	0.1375	0.3125
5	13	0.1375	0.3375
5	14	0.1375	0.3625
5	15	0.1375	0.3875
5	16	0.1375	0.4125
5	17	0.1375	0.4375
5	18	0.1375	0.4625
5	19	0.1375	0.4875
5	20	0.1375	0.5125
5	21	0.1375	0.5375
5	22	0.1375	0.5625
5	23	0.1375	0.5875
5	24	0.1375	0.6125
5	25	0.1375	0.6375
5	26	0.1375	0.6625
5	27	0.1375	0.6875
5	28	0.1375	0.7125
5	29	0.1375	0.7375
5	30	0.1375	0.7625
5	31	0.1375	0.7875
5	32	0.1375	0.8125
5	33	0.1375	0.8375
5	34	0.1375	0.8625
5	35	0.1375	0.8875
5	36	0.1375	0.9125
5	37	0.1375	0.9375
5	38	0.1375	0.9625
5	39	0.1375	0.9875
6	0	0.1625	0.0125
6	1	0.1625	0.0375
6	2	0.1625	0.0625
6	3	0.1625	0.0875
6	4	0.1625	0.1125
6	5	0.1625	0.1375
6	6	0.1625	0.1625
6	7	0.1625	0.1875
6	8	0.1625	0.2125
6	9	0.1625	0.2375
6	10	0.1625	0.2625
6	11	0.1625	0.2875
6	12	0.1625	0.3125
6	13	0.1625	0.3375
6	14	0.1625	0.3625
6	15	0.1625	0.3875
6	16	0.1625	0.4125
6	17	0.1625	0.4375
6	18	0.1625	0.4625
6	19	0.1625	0.4875
6	20	0.1625	0.5125
6	21	0.1625	0.5375
6	22	0.1625	0.5625
6	23	0.1625	0.5875
6	24	0.1625	0.6125
6	25	0.1625	0.6375
6	26	0.1625	0.6625
6	27	0.1625	0.6875
6	28	0.1625	0.7125
6	29	0.1625	0.7375
6	30	0.1625	0.7625
6	31	0.1625	0.7875
6	32	0.1625	0.8125
6	33	0.1625	0.8375
6	34	0.1625	0.8625
6	35	0.1625	0.8875
6	36	0.1625	0.9125
6	37	0.1625	0.9375
6	38	0.1625	0.9625
6	39	0.1625	0.9875
7	0	0.1875	0.0125
7	1	0.1875	0.0375
7	2	0.1875	0.0625
7	3	0.1875	0.0875
7	4	0.1875	0.1125
7	5	0.1875	0.1375
7	6	0.1875	0.1625
7	7	0.1875	0.1875
7	8	0.1875	0.2125
7	9	0.1875	0.2375
7	10	0.1875	0.2625
7	11	0.1875	0.2875
7	12	0.1875	0.3125
7	13	0.1875	0.3375
7	14	0.1875	0.3625
7	15	0.1875	0.3875
7	16	0.1875	0.4125
7	17	0.1875	0.4375
7	18	0.1875	0.4625
7	19	0.1875	0.4875
7	20	0.1875	0.5125
7	21	0.1875	0.5375
7	22	0.1875	0.5625
7	23	0.1875	0.5875
7	24	0.1875	0.6125
7	25	0.1875	0.6375
7	26	0.1875	0.6625
7	27	0.1875	0.6875
7	28	0.1875	0.7125
7	29	0.1875	0.7375
7	30	0.1875	0.7625
7	31	0.1875	0.7875
7	32	0.1875	0.8125
7	33	0.1875	0.8375
7	34	0.1875	0.8625
7	35	0.1875	0.8875
7	36	0.1875	0.9125
7	37	0.1875	0.9375
7	38	0.1875	0.9625
7	39	0.1875	0.9875
8	0	0.2125	0.0125
8	1	0.2125	0.0375
8	2	0.2125	0.0625
8	3	0.2125	0.0875
8	4	0.2125	0.1125
8	5	0.2125	0.1375
8	6	0.2125	0.1625
8	7	0.2125	0.1875
8	8	0.2125	0.2125
8	9	0.2125	0.2375
8	10	0.2125	0.2625
8	11	0.2125	0.2875
8	12	0.2125	0.3125
8	13	0.2125	0.3375
8	14	0.2125	0.3625
8	15	0.2125	0.3875
8	16	0.2125	0.4125
8	17	0.2125	0.4375
8	18	0.2125	0.4625
8	19	0.2125	0.4875
8	20	0.2125	0.5125
8	21	0.2125	0.5375
8	22	0.2125	0.5625
8	23	0.2125	0.5875
8	24	0.2125	0.6125
8	25	0.2125	0.6375
8	26	0.2125	0.6625
8	27	0.2125	0.6875
8	28	0.2125	0.7125
8	29	0.2125	0.7375
8	30	0.2125	0.7625
8	31	0.2125	0.7875
8	32	0.2125	0.8125
8	33	0.2125	0.8375
8	34	0.2125	0.8625
8	35	0.2125	0.8875
8	36	0.2125	0.9125
8	37	0.2125	0.9375
8	38	0.2125	0.9625
8	39	0.2125	0.9875
9	0	0.2375	0.0125
9	1	0.2375	0.0375
9	2	0.2375	0.0625
9	3	0.2375	0.0875
9	4	0.2375	0.1125
9	5	0.2375	0.1375
9	6	0.2375	0.1625
9	7	0.2375	0.1875
9	8	0.2375	0.2125
9	9	0.2375	0.2375
9	10	0.2375	0.2625
9	11	0.2375	0.2875
9	12	0.2375	0.3125
9	13	0.2375	0.3375
9	14	0.2375	0.3625
9	15	0.2375	0.3875
9	16	0.2375	0.4125
9	17	0.2375	0.4375
9	18	0.2375	0.4625
9	19	0.2375	0.4875
9	20	0.2375	0.5125
9	21	0.2375	0.5375
9	22	0.2375	0.5625
9	23	0.2375	0.5875
9	24	0.2375	0.6125
9	25	0.2375	0.6375
9	26	0.2375	0.6625
9	27	0.2375	0.6875
9	28	0.2375	0.7125
9	29	0.2375	0.7375
9	30	0.2375	0.7625
9	31	0.2375	0.7875
9	32	0.2375	0.8125
9	33	0.2375	0.8375
9	34	0.2375	0.8625
9	35	0.2375	0.8875
9	36	0.2375	0.9125
9	37	0.2375	0.9375
9	38	0.2375	0.9625
9	39	0.2375	0.9875
10	0	0.2625	0.0125
10	1	0.2625	0.0375
10	2	0.2625	0.0625
10	3	0.2625	0.0875
10	4	0.2625	0.1125
10	5	0.2625	0.1375
10	6	0.2625	0.1625
10	7	0.2625	0.1875
10	8	0.2625	0.2125
10	9	0.2625	0.2375
10	10	0.2625	0.2625
10	11	0.2625	0.2875
10	12	0.2625	0.3125
10	13	0.2625	0.3375
10	14	0.2625	0.3625
10	15	0.2625	0.3875
10	16	0.2625	0.4125
10	17	0.2625	0.4375
10	18	0.2625	0.4625
10	19	0.2625	0.4875
10	20	0.2625	0.5125
10	21	0.2625	0.5375
10	22	0.2625	0.5625
10	23	0.2625	0.5875
10	24	0.2625	0.6125
10	25	0.2625	0.6375
10	26	0.2625	0.6625
10	27	0.2625	0.6875
10	28	0.2625	0.7125
10	29	0.2625	0.7375
10	30	0.2625	0.7625
10	31	0.2625	0.7875
10	32	0.2625	0.8125
10	33	0.2625	0.8375
10	34	0.2625	0.8625
10	35	0.2625	0.8875
10	36	0.2625	0.9125
10	37	0.2625	0.9375
10	38	0.2625	0.9625
10	39	0.2625	0.9875
11	0	0.2875	0.0125
11	1	0.2875	0.0375
11	2	0.2875	0.0625
11	3	0.2875	0.0875
11	4	0.2875	0.1125
11	5	0.2875	0.1375
11	6	0.2875	0.1625
11	7	0.2875	0.1875
11	8	0.2875	0.2125
11	9	0.2875	0.2375
11	10	0.2875	0.2625
11	11	0.2875	0.2875
11	12	0.2875	0.3125
11	13	0.2875	0.3375
11	14	0.2875	0.3625
11	15	0.2875	0.3875
11	16	0.2875	0.4125
11	17	0.2875	0.4375
11	18	0.2875	0.4625
11	19	0.2875	0.4875
11	20	0.2875	0.5125
11	21	0.2875	0.5375
11	22	0.2875	0.5625
11	23	0.2875	0.5875
11	24	0.2875	0.6125
11	25	0.2875	0.6375
11	26	0.2875	0.6625
11	27	0.2875	0.6875
11	28	0.2875	0.7125
11	29	0.2875	0.7375
11	30	0.2875	0.7625
11	31	0.2875	0.7875
11	32	0.2875	0.8125
11	33	0.2875	0.8375
11	34	0.2875	0.8625
11	35	0.2875	0.8875
11	36	0.2875	0.9125
11	37	0.2875	0.9375
11	38	0.2875	0.9625
11	39	0.2875	0.9875
12	0	0.3125	0.0125
12	1	0.3125	0.0375
12	2	0.3125	0.0625
12	3	0.3125	0.0875
12	4	0.3125	0.1125
12	5	0.3125	0.1375
12	6	0.3125	0.1625
12	7	0.3125	0.1875
12	8	0.3125	0.2125
12	9	0.3125	0.2375
12	10	0.3125	0.2625
12	11	0.3125	0.2875
12	12	0.3125	0.3125
12	13	0.3125	0.3375
12	14	0.3125	0.3625
12	15	0.3125	0.3875
12	16	0.3125	0.4125
12	17	0.3125	0.4375
12	18	0.3125	0.4625
12	19	0.3125	0.4875
12	20	0.3125	0.5125
12	21	0.3125	0.5375
12	22	0.3125	0.5625
12	23	0.3125	0.5875
12	24	0.3125	0.6125
12	25	0.3125	0.6375
12	26	0.3125	0.6625
12	27	0.3125	0.6875
12	28	0.3125	0.7125
12	29	0.3125	0.7375
12	30	0.3125	0.7625
12	31	0.3125	0.7875
12	32	0.3125	0.8125
12	33	0.3125	0.8375
12	34	0.3125	0.8625
12	35	0.3125	0.8875
12	36	0.3125	0.9125
12	37	0.3125	0.9375
12	38	0.3125	0.9625
12	39	0.3125	0.9875
13	0	0.3375	0.0125
13	1	0.3375	0.0375
13	2	0.3375	0.0625
13	3	0.3375	0.0875
13	4	0.3375	0.1125
13	5	0.3375	0.1375
13	6	0.3375	0.1625
13	7	0.3375	0.1875
13	8	0.3375	0.2125
13	9	0.3375	0.2375
13	10	0.3375	0.2625
13	11	0.3375	0.2875
13	12	0.3375	0.3125
13	13	0.3375	0.3375
13	14	0.3375	0.3625
13	15	0.3375	0.3875
13	16	0.3375	0.4125
13	17	0.3375	0.4375
13	18	0.3375	0.4625
13	19	0.3375	0.4875
13	20	0.3375	0.5125
13	21	0.3375	0.5375
13	22	0.3375	0.5625
13	23	0.3375	0.5875
13	24	0.3375	0.6125
13	25	0.3375	0.6375
13	26	0.3375	0.6625
13	27	0.3375	0.6875
13	28	0.3375	0.7125
13	29	0.3375	0.7375
13	30	0.3375	0.7625
13	31	0.3375	0.7875
13	32	0.3375	0.8125
13	33	0.3375	0.8375
13	34	0.3375	0.8625
13	35	0.3375	0.8875
13	36	0.3375	0.9125
13	37	0.3375	0.9375
13	38	0.3375	0.9625
13	39	0.3375	0.9875
14	0	0.3625	0.0125
14	1	0.3625	0.0375
14	2	0.3625	0.0625
14	3	0.3625	0.0875
14	4	0.3625	0.1125
14	5	0.3625	0.1375
14	6	0.3625	0.1625
14	7	0.3625	0.1875
14	8	0.3625	0.2125
14	9	0.3625	0.2375
14	10	0.3625	0.2625
14	11	0.3625	0.2875
14	12	0.3625	0.3125
14	13	0.3625	0.3375
14	14	0.3625	0.3625
14	15	0.3625	0.3875
14	16	0.3625	0.4125
14	17	0.3625	0.4375
14	18	0.3625	0.4625
14	19	0.3625	0.4875
14	20	0.3625	0.5125
14	21	0.3625	0.5375
14	22	0.3625	0.5625
14	23	0.3625	0.5875
14	24	0.3625	0.6125
14	25	0.3625	0.6375
14	26	0.3625	0.6625
14	27	0.3625	0.6875
14	28	0.3625	0.7125
14	29	0.3625	0.7375
14	30	0.3625	0.7625
14	31	0.3625	0.7875
14	32	0.3625	0.8125
14	33	0.3625	0.8375
14	34	0.3625	0.8625
14	35	0.3625	0.8875
14	36	0.3625	0.9125
14	37	0.3625	0.9375
14	38	0.3625	0.9625
14	39	0.3625	0.9875
15	0	0.3875	0.0125
15	1	0.3875	0.0375
15	2	0.3875	0.0625
15	3	0.3875	0.0875
15	4	0.3875	0.1125
15	5	0.3875	0.1375
15	6	0.3875	0.1625
15	7	0.3875	0.1875
15	8	0.3875	0.2125
15	9	0.3875	0.2375
15	10	0.3875	0.2625
15	11	0.3875	0.2875
15	12	0.3875	0.3125
15	13	0.3875	0.3375
15	14	0.3875	0.3625
15	15	0.3875	0.3875
15	16	0.3875	0.4125
15	17	0.3875	0.4375
15	18	0.3875	0.4625
15	19	0.3875	0.4875
15	20	0.3875	0.5125
15	21	0.3875	0.5375
15	22	0.3875	0.5625
15	23	0.3875	0.5875
15	24	0.3875	0.6125
15	25	0.3875	0.6375
15	26	0.3875	0.6625
15	27	0.3875	0.6875
15	28	0.3875	0.7125
15	29	0.3875	0.7375
15	30	0.3875	0.7625
15	31	0.3875	0.7875
15	32	0.3875	0.8125
15	33	0.3875	0.8375
15	34	0.3875	0.8625
15	35	0.3875	0.8875
15	36	0.3875	0.9125
15	37	0.3875	0.9375
15	38	0.3875	0.9625
15	39	0.3875	0.9875
16	0	0.4125	0.0125
16	1	0.4125	0.0375
16	2	0.4125	0.0625
16	3	0.4125	0.0875
16	4	0.4125	0.1125
16	5	0.4125	0.1375
16	6	0.4125	0.1625
16	7	0.4125	0.1875
16	8	0.4125	0.2125
16	9	0.4125	0.2375
16	10	0.4125	0.2625
16	11	0.4125	0.2875
16	12	0.4125	0.3125
16	13	0.4125	0.3375
16	14	0.4125	0.3625
16	15	0.4125	0.3875
16	16	0.4125	0.4125
16	17	0.4125	0.4375
16	18	0.4125	0.4625
16	19	0.4125	0.4875
16	20	0.4125	0.5125
16	21	0.4125	0.5375
16	22	0.4125	0.5625
16	23	0.4125	0.5875
16	24	0.4125	0.6125
16	25	0.4125	0.6375
16	26	0.4125	0.6625
16	27	0.4125	0.6875
16	28	0.4125	0.7125
16	29	0.4125	0.7375
16	30	0.4125	0.7625
16	31	0.4125	0.7875
16	32	0.4125	0.8125
16	33	0.4125	0.8375
16	34	0.4125	0.8625
16	35	0.4125	0.8875
16	36	0.4125	0.9125
16	37	0.4125	0.9375
16	38	0.4125	0.9625
16	39	0.4125	0.9875
17	0	0.4375	0.0125
17	1	0.4375	0.0375
17	2	0.4375	0.0625
17	3	0.4375	0.0875
17	4	0.4375	0.1125
17	5	0.4375	0.1375
17	6	0.4375	0.1625
17	7	0.4375	0.1875
17	8	0.4375	0.2125
17	9	0.4375	0.2375
17	10	0.4375	0.2625
17	11	0.4375	0.2875
17	12	0.4375	0.3125
17	13	0.4375	0.3375
17	14	0.4375	0.3625
17	15	0.4375	0.3875
17	16	0.4375	0.4125
17	17	0.4375	0.4375
17	18	0.4375	0.4625
17	19	0.4375	0.4875
17	20	0.4375	0.5125
17	21	0.4375	0.5375
17	22	0.4375	0.5625
17	23	0.4375	0.5875
17	24	0.4375	0.6125
17	25	0.4375	0.6375
17	26	0.4375	0.6625
17	27	0.4375	0.6875
17	28	0.4375	0.7125
17	29	0.4375	0.7375
17	30	0.4375	0.7625
17	31	0.4375	0.7875
17	32	0.4375	0.8125
17	33	0.4375	0.8375
17	34	0.4375	0.8625
17	35	0.4375	0.8875
17	36	0.4375	0.9125
17	37	0.4375	0.9375
17	38	0.4375	0.9625
17	39	0.4375	0.9875
18	0	0.4625	0.0125
18	1	0.4625	0.0375
18	2	0.4625	0.0625
18	3	0.4625	0.0875
18	4	0.4625	0.1125
18	5	0.4625	0.1375
18	6	0.4625	0.1625
18	7	0.4625	0.1875
18	8	0.4625	0.2125
18	9	0.4625	0.2375
18	10	0.4625	0.2625
18	11	0.4625	0.2875
18	12	0.4625	0.3125
18	13	0.4625	0.3375
18	14	0.4625	0.3625
18	15	0.4625	0.3875
18	16	0.4625	0.4125
18	17	0.4625	0.4375
18	18	0.4625	0.4625
18	19	0.4625	0.4875
18	20	0.4625	0.5125
18	21	0.4625	0.5375
18	22	0.4625	0.5625
18	23	0.4625	0.5875
18	24	0.4625	0.6125
18	25	0.4625	0.6375
18	26	0.4625	0.6625
18	27	0.4625	0.6875
18	28	0.4625	0.7125
18	29	0.4625	0.7375
18	30	0.4625	0.7625
18	31	0.4625	0.7875
18	32	0.4625	0.8125
18	33	0.4625	0.8375
18	34	0.4625	0.8625
18	35	0.4625	0.8875
18	36	0.4625	0.9125
18	37	0.4625	0.9375
18	38	0.4625	0.9625
18	39	0.4625	0.9875
19	0	0.4875	0.0125
19	1	0.4875	0.0375
19	2	0.4875	0.0625
19	3	0.4875	0.0875
19	4	0.4875	0.1125
19	5	0.4875	0.1375
19	6	0.4875	0.1625
19	7	0.4875	0.1875
19	8	0.4875	0.2125
19	9	0.4875	0.2375
19	10	0.4875	0.2625
19	11	0.4875	0.2875
19	12	0.4875	0.3125
19	13	0.4875	0.3375
19	14	0.4875	0.3625
19	15	0.4875	0.3875
19	16	0.4875	0.4125
19	17	0.4875	0.4375
19	18	0.4875	0.4625
19	19	0.4875	0.4875
19	20	0.4875	0.5125
19	21	0.4875	0.5375
19	22	0.4875	0.5625
19	23	0.4875	0.5875
19	24	0.4875	0.6125
19	25	0.4875	0.6375
19	26	0.4875	0.6625
19	27	0.4875	0.6875
19	28	0.4875	0.7125
19	29	0.4875	0.7375
19	30	0.4875	0.7625
19	31	0.4875	0.7875
19	32	0.4875	0.8125
19	33	0.4875	0.8375
19	34	0.4875	0.8625
19	35	0.4875	0.8875
19	36	0.4875	0.9125
19	37	0.4875	0.9375
19	38	0.4875	0.9625
19	39	0.4875	0.9875
20	0	0.5125	0.0125
20	1	0.5125	0.0375
20	2	0.5125	0.0625
20	3	0.5125	0.0875
20	4	0.5125	0.1125
20	5	0.5125	0.1375
20	6	0.5125	0.1625
20	7	0.5125	0.1875
20	8	0.5125	0.2125
20	9	0.5125	0.2375
20	10	0.5125	0.2625
20	11	0.5125	0.2875
20	12	0.5125	0.3125
20	13	0.5125	0.3375
20	14	0.5125	0.3625
20	15	0.5125	0.3875
20	16	0.5125	0.4125
20	17	0.5125	0.4375
20	18	0.5125	0.4625
20	19	0.5125	0.4875
20	20	0.5125	0.5125
20	21	0.5125	0.5375
20	22	0.5125	0.5625
20	23	0.5125	0.5875
20	24	0.5125	0.6125
20	25	0.5125	0.6375
20	26	0.5125	0.6625
20	27	0.5125	0.6875
20	28	0.5125	0.7125
20	29	0.5125	0.7375
20	30	0.5125	0.7625
20	31	0.5125	0.7875
20	32	0.5125	0.8125
20	33	0.5125	0.8375
20	34	0.5125	0.8625
20	35	0.5125	0.8875
20	36	0.5125	0.9125
20	37	0.5125	0.9375
20	38	0.5125	0.9625
20	39	0.5125	0.9875
21	0	0.5375	0.0125
21	1	0.5375	0.0375
21	2	0.5375	0.0625
21	3	0.5375	0.0875
21	4	0.5375	0.1125
21	5	0.5375	0.1375
21	6	0.5375	0.1625
21	7	0.5375	0.1875
21	8	0.5375	0.2125
21	9	0.5375	0.2375
21	10	0.5375	0.2625
21	11	0.5375	0.2875
21	12	0.5375	0.3125
21	13	0.5375	0.3375
21	14	0.5375	0.3625
21	15	0.5375	0.3875
21	16	0.5375	0.4125
21	17	0.5375	0.4375
21	18	0.5375	0.4625
21	19	0.5375	0.4875
21	20	0.5375	0.5125
21	21	0.5375	0.5375
21	22	0.5375	0.5625
21	23	0.5375	0.5875
21	24	0.5375	0.6125
21	25	0.5375	0.6375
21	26	0.5375	0.6625
21	27	0.5375	0.6875
21	28	0.5375	0.7125
21	29	0.5375	0.7375
21	30	0.5375	0.7625
21	31	0.5375	0.7875
21	32	0.5375	0.8125
21	33	0.5375	0.8375
21	34	0.5375	0.8625
21	35	0.5375	0.8875
21	36	0.5375	0.9125
21	37	0.5375	0.9375
21	38	0.5375	0.9625
21	39	0.5375	0.9875
22	0	0.5625	0.0125
22	1	0.5625	0.0375
22	2	0.5625	0.0625
22	3	0.5625	0.0875
22	4	0.5625	0.1125
22	5	0.5625	0.1375
22	6	0.5625	0.1625
22	7	0.5625	0.1875
22	8	0.5625	0.2125
22	9	0.5625	0.2375
22	10	0.5625	0.2625
22	11	0.5625	0.2875
22	12	0.5625	0.3125
22	13	0.5625	0.3375
22	14	0.5625	0.3625
22	15	0.5625	0.3875
22	16	0.5625	0.4125
22	17	0.5625	0.4375
22	18	0.5625	0.4625
22	19	0.5625	0.4875
22	20	0.5625	0.5125
22	21	0.5625	0.5375
22	22	0.5625	0.5625
22	23	0.5625	0.5875
22	24	0.5625	0.6125
22	25	0.5625	0.6375
22	26	0.5625	0.6625
22	27	0.5625	0.6875
22	28	0.5625	0.7125
22	29	0.5625	0.7375
22	30	0.5625	0.7625
22	31	0.5625	0.7875
22	32	0.5625	0.8125
22	33	0.5625	0.8375
22	34	0.5625	0.8625
22	35	0.5625	0.8875
22	36	0.5625	0.9125
22	37	0.5625	0.9375
22	38	0.5625	0.9625
22	39	0.5625	0.9875
23	0	0.5875	0.0125
23	1	0.5875	0.0375
23	2	0.5875	0.0625
23	3	0.5875	0.0875
23	4	0.5875	0.1125
23	5	0.5875	0.1375
23	6	0.5875	0.1625
23	7	0.5875	0.1875
23	8	0.5875	0.2125
23	9	0.5875	0.2375
23	10	0.5875	0.2625
23	11	0.5875	0.2875
23	12	0.5875	0.3125
23	13	0.5875	0.3375
23	14	0.5875	0.3625
23	15	0.5875	0.3875
23	16	0.5875	0.4125
23	17	0.5875	0.4375
23	18	0.5875	0.4625
23	19	0.5875	0.4875
23	20	0.5875	0.5125
23	21	0.5875	0.5375
23	22	0.5875	0.5625
23	23	0.5875	0.5875
23	24	0.5875	0.6125
23	25	0.5875	0.6375
23	26	0.5875	0.6625
23	27	0.5875	0.6875
23	28	0.5875	0.7125
23	29	0.5875	0.7375
23	30	0.5875	0.7625
23	31	0.5875	0.7875
23	32	0.5875	0.8125
23	33	0.5875	0.8375
23	34	0.5875	0.8625
23	35	0.5875	0.8875
23	36	0.5875	0.9125
23	37	0.5875	0.9375
23	38	0.5875	0.9625
23	39	0.5875	0.9875
24	0	0.6125	0.0125
24	1	0.6125	0.0375
24	2	0.6125	0.0625
24	3	0.6125	0.0875
24	4	0.6125	0.1125
24	5	0.6125	0.1375
24	6	0.6125	0.1625
24	7	0.6125	0.1875
24	8	0.6125	0.2125
24	9	0.6125	0.2375
24	10	0.6125	0.2625
24	11	0.6125	0.2875
24	12	0.6125	0.3125
24	13	0.6125	0.3375
24	14	0.6125	0.3625
24	15	0.6125	0.3875
24	16	0.6125	0.4125
24	17	0.6125	0.4375
24	18	0.6125	0.4625
24	19	0.6125	0.4875
24	20	0.6125	0.5125
24	21	0.6125	0.5375
24	22	0.6125	0.5625
24	23	0.6125	0.5875
24	24	0.6125	0.6125
24	25	0.6125	0.6375
24	26	0.6125	0.6625
24	27	0.6125	0.6875
24	28	0.6125	0.7125
24	29	0.6125	0.7375
24	30	0.6125	0.7625
24	31	0.6125	0.7875
24	32	0.6125	0.8125
24	33	0.6125	0.8375
24	34	0.6125	0.8625
24	35	0.6125	0.8875
24	36	0.6125	0.9125
24	37	0.6125	0.9375
24	38	0.6125	0.9625
24	39	0.6125	0.9875
25	0	0.6375	0.0125
25	1	0.6375	0.0375
25	2	0.6375	0.0625
25	3	0.6375	0.0875
25	4	0.6375	0.1125
25	5	0.6375	0.1375
25	6	0.6375	0.1625
25	7	0.6375	0.1875
25	8	0.6375	0.2125
25	9	0.6375	0.2375
25	10	0.6375	0.2625
25	11	0.6375	0.2875
25	12	0.6375	0.3125
25	13	0.6375	0.3375
25	14	0.6375	0.3625
25	15	0.6375	0.3875
25	16	0.6375	0.4125
25	17	0.6375	0.4375
25	18	0.6375	0.4625
25	19	0.6375	0.4875
25	20	0.6375	0.5125
25	21	0.6375	0.5375
25	22	0.6375	0.5625
25	23	0.6375	0.5875
25	24	0.6375	0.6125
25	25	0.6375	0.6375
25	26	0.6375	0.6625
25	27	0.6375	0.6875
25	28	0.6375	0.7125
25	29	0.6375	0.7375
25	30	0.6375	0.7625
25	31	0.6375	0.7875
25	32	0.6375	0.8125
25	33	0.6375	0.8375
25	34	0.6375	0.8625
25	35	0.6375	0.8875
25	36	0.6375	0.9125
25	37	0.6375	0.9375
25	38	0.6375	0.9625
25	39	0.6375	0.9875
26	0	0.6625	0.0125
26	1	0.6625	0.0375
26	2	0.6625	0.0625
26	3	0.6625	0.0875
26	4	0.6625	0.1125
26	5	0.6625	0.1375
26	6	0.6625	0.1625
26	7	0.6625	0.1875
26	8	0.6625	0.2125
26	9	0.6625	0.2375
26	10	0.6625	0.2625
26	11	0.6625	0.2875
26	12	0.6625	0.3125
26	13	0.6625	0.3375
26	14	0.6625	0.3625
26	15	0.6625	0.3875
26	16	0.6625	0.4125
26	17	0.6625	0.4375
26	18	0.6625	0.4625
26	19	0.6625	0.4875
26	20	0.6625	0.5125
26	21	0.6625	0.5375
26	22	0.6625	0.5625
26	23	0.6625	0.5875
26	24	0.6625	0.6125
26	25	0.6625	0.6375
26	26	0.6625	0.6625
26	27	0.6625	0.6875
26	28	0.6625	0.7125
26	29	0.6625	0.7375
26	30	0.6625	0.7625
26	31	0.6625	0.7875
26	32	0.6625	0.8125
26	33	0.6625	0.8375
26	34	0.6625	0.8625
26	35	0.6625	0.8875
26	36	0.6625	0.9125
26	37	0.6625	0.9375
26	38	0.6625	0.9625
26	39	0.6625	0.9875
27	0	0.6875	0.0125
27	1	0.6875	0.0375
27	2	0.6875	0.0625
27	3	0.6875	0.0875
27	4	0.6875	0.1125
27	5	0.6875	0.1375
27	6	0.6875	0.1625
27	7	0.6875	0.1875
27	8	0.6875	0.2125
27	9	0.6875	0.2375
27	10	0.6875	0.2625
27	11	0.6875	0.2875
27	12	0.6875	0.3125
27	13	0.6875	0.3375
27	14	0.6875	0.3625
27	15	0.6875	0.3875
27	16	0.6875	0.4125
27	17	0.6875	0.4375
27	18	0.6875	0.4625
27	19	0.6875	0.4875
27	20	0.6875	0.5125
27	21	0.6875	0.5375
27	22	0.6875	0.5625
27	23	0.6875	0.5875
27	24	0.6875	0.6125
27	25	0.6875	0.6375
27	26	0.6875	0.6625
27	27	0.6875	0.6875
27	28	0.6875	0.7125
27	29	0.6875	0.7375
27	30	0.6875	0.7625
27	31	0.6875	0.7875
27	32	0.6875	0.8125
27	33	0.6875	0.8375
27	34	0.6875	0.8625
27	35	0.6875	0.8875
27	36	0.6875	0.9125
27	37	0.6875	0.9375
27	38	0.6875	0.9625
27	39	0.6875	0.9875
28	0	0.7125	0.0125
28	1	0.7125	0.0375
28	2	0.7125	0.0625
28	3	0.7125	0.0875
28	4	0.7125	0.1125
28	5	0.7125	0.1375
28	6	0.7125	0.1625
28	7	0.7125	0.1875
28	8	0.7125	0.2125
28	9	0.7125	0.2375
28	10	0.7125	0.2625
28	11	0.7125	0.2875
28	12	0.7125	0.3125
28	13	0.7125	0.3375
28	14	0.7125	0.3625
28	15	0.7125	0.3875
28	16	0.7125	0.4125
28	17	0.7125	0.4375
28	18	0.7125	0.4625
28	19	0.7125	0.4875
28	20	0.7125	0.5125
28	21	0.7125	0.5375
28	22	0.7125	0.5625
28	23	0.7125	0.5875
28	24	0.7125	0.6125
28	25	0.7125	0.6375
28	26	0.7125	0.6625
28	27	0.7125	0.6875
28	28	0.7125	0.7125
28	29	0.7125	0.7375
28	30	0.7125	0.7625
28	31	0.7125	0.7875
28	32	0.7125	0.8125
28	33	0.7125	0.8375
28	34	0.7125	0.8625
28	35	0.7125	0.8875
28	36	0.7125	0.9125
28	37	0.7125	0.9375
28	38	0.7125	0.9625
28	39	0.7125	0.9875
29	0	0.7375	0.0125
29	1	0.7375	0.0375
29	2	0.7375	0.0625
29	3	0.7375	0.0875
29	4	0.7375	0.1125
29	5	0.7375	0.1375
29	6	0.7375	0.1625
29	7	0.7375	0.1875
29	8	0.7375	0.2125
29	9	0.7375	0.2375
29	10	0.7375	0.2625
29	11	0.7375	0.2875
29	12	0.7375	0.3125
29	13	0.7375	0.3375
29	14	0.7375	0.3625
29	15	0.7375	0.3875
29	16	0.7375	0.4125
29	17	0.7375	0.4375
29	18	0.7375	0.4625
29	19	0.7375	0.4875
29	20	0.7375	0.5125
29	21	0.7375	0.5375
29	22	0.7375	0.5625
29	23	0.7375	0.5875
29	24	0.7375	0.6125
29	25	0.7375	0.6375
29	26	0.7375	0.6625
29	27	0.7375	0.6875
29	28	0.7375	0.7125
29	29	0.7375	0.7375
29	30	0.7375	0.7625
29	31	0.7375	0.7875
29	32	0.7375	0.8125
29	33	0.7375	0.8375
29	34	0.7375	0.8625
29	35	0.7375	0.8875
29	36	0.7375	0.9125
29	37	0.7375	0.9375
29	38	0.7375	0.9625
29	39	0.7375	0.9875
30	0	0.7625	0.0125
30	1	0.7625	0.0375
30	2	0.7625	0.0625
30	3	0.7625	0.0875
30	4	0.7625	0.1125
30	5	0.7625	0.1375
30	6	0.7625	0.1625
30	7	0.7625	0.1875
30	8	0.7625	0.2125
30	9	0.7625	0.2375
30	10	0.7625	0.2625
30	11	0.7625	0.2875
30	12	0.7625	0.3125
30	13	0.7625	0.3375
30	14	0.7625	0.3625
30	15	0.7625	0.3875
30	16	0.7625	0.4125
30	17	0.7625	0.4375
30	18	0.7625	0.4625
30	19	0.7625	0.4875
30	20	0.7625	0.5125
30	21	0.7625	0.5375
30	22	0.7625	0.5625
30	23	0.7625	0.5875
30	24	0.7625	0.6125
30	25	0.7625	0.6375
30	26	0.7625	0.6625
30	27	0.7625	0.6875
30	28	0.7625	0.7125
30	29	0.7625	0.7375
30	30	0.7625	0.7625
30	31	0.7625	0.7875
30	32	0.7625	0.8125
30	33	0.7625	0.8375
30	34	0.7625	0.8625
30	35	0.7625	0.8875
30	36	0.7625	0.9125
30	37	0.7625	0.9375
30	38	0.7625	0.9625
30	39	0.7625	0.9875
31	0	0.7875	0.0125
31	1	0.7875	0.0375
31	2	0.7875	0.0625
31	3	0.7875	0.0875
31	4	0.7875	0.1125
31	5	0.7875	0.1375
31	6	0.7875	0.1625
31	7	0.7875	0.1875
31	8	0.7875	0.2125
31	9	0.7875	0.2375
31	10	0.7875	0.2625
31	11	0.7875	0.2875
31	12	0.7875	0.3125
31	13	0.7875	0.3375
31	14	0.7875	0.3625
31	15	0.7875	0.3875
31	16	0.7875	0.4125
31	17	0.7875	0.4375
31	18	0.7875	0.4625
31	19	0.7875	0.4875
31	20	0.7875	0.5125
31	21	0.7875	0.5375
31	22	0.7875	0.5625
31	23	0.7875	0.5875
31	24	0.7875	0.6125
31	25	0.7875	0.6375
31	26	0.7875	0.6625
31	27	0.7875	0.6875
31	28	0.7875	0.7125
31	29	0.7875	0.7375
31	30	0.7875	0.7625
31	31	0.7875	0.7875
31	32	0.7875	0.8125
31	33	0.7875	0.8375
31	34	0.7875	0.8625
31	35	0.7875	0.8875
31	36	0.7875	0.9125
31	37	0.7875	0.9375
31	38	0.7875	0.9625
31	39	0.7875	0.9875
32	0	0.8125	0.0125
32	1	0.8125	0.0375
32	2	0.8125	0.0625
32	3	0.8125	0.0875
32	4	0.8125	0.1125
32	5	0.8125	0.1375
32	6	0.8125	0.1625
32	7	0.8125	0.1875
32	8	0.8125	0.2125
32	9	0.8125	0.2375
32	10	0.8125	0.2625
32	11	0.8125	0.2875
32	12	0.8125	0.3125
32	13	0.8125	0.3375
32	14	0.8125	0.3625
32	15	0.8125	0.3875
32	16	0.8125	0.4125
32	17	0.8125	0.4375
32	18	0.8125	0.4625
32	19	0.8125	0.4875
32	20	0.8125	0.5125
32	21	0.8125	0.5375
32	22	0.8125	0.5625
32	23	0.8125	0.5875
32	24	0.8125	0.6125
32	25	0.8125	0.6375
32	26	0.8125	0.6625
32	27	0.8125	0.6875
32	28	0.8125	0.7125
32	29	0.8125	0.7375
32	30	0.8125	0.7625
32	31	0.8125	0.7875
32	32	0.8125	0.8125
32	33	0.8125	0.8375
32	34	0.8125	0.8625
32	35	0.8125	0.8875
32	36	0.8125	0.9125
32	37	0.8125	0.9375
32	38	0.8125	0.9625
32	39	0.8125	0.9875
33	0	0.8375	0.0125
33	1	0.8375	0.0375
33	2	0.8375	0.0625
33	3	0.8375	0.0875
33	4	0.8375	0.1125
33	5	0.8375	0.1375
33	6	0.8375	0.1625
33	7	0.8375	0.1875
33	8	0.8375	0.2125
33	9	0.8375	0.2375
33	10	0.8375	0.2625
33	11	0.8375	0.2875
33	12	0.8375	0.3125
33	13	0.8375	0.3375
33	14	0.8375	0.3625
33	15	0.8375	0.3875
33	16	0.8375	0.4125
33	17	0.8375	0.4375
33	18	0.8375	0.4625
33	19	0.8375	0.4875
33	20	0.8375	0.5125
33	21	0.8375	0.5375
33	22	0.8375	0.5625
33	23	0.8375	0.5875
33	24	0.8375	0.6125
33	25	0.8375	0.6375
33	26	0.8375	0.6625
33	27	0.8375	0.6875
33	28	0.8375	0.7125
33	29	0.8375	0.7375
33	30	0.8375	0.7625
33	31	0.8375	0.7875
33	32	0.8375	0.8125
33	33	0.8375	0.8375
33	34	0.8375	0.8625
33	35	0.8375	0.8875
33	36	0.8375	0.9125
33	37	0.8375	0.9375
33	38	0.8375	0.9625
33	39	0.8375	0.9875
34	0	0.8625	0.0125
34	1	0.8625	0.0375
34	2	0.8625	0.0625
34	3	0.8625	0.0875
34	4	0.8625	0.1125
34	5	0.8625	0.1375
34	6	0.8625	0.1625
34	7	0.8625	0.1875
34	8	0.8625	0.2125
34	9	0.8625	0.2375
34	10	0.8625	0.2625
34	11	0.8625	0.2875
34	12	0.8625	0.3125
34	13	0.8625	0.3375
34	14	0.8625	0.3625
34	15	0.8625	0.3875
34	16	0.8625	0.4125
34	17	0.8625	0.4375
34	18	0.8625	0.4625
34	19	0.8625	0.4875
34	20	0.8625	0.5125
34	21	0.8625	0.5375
34	22	0.8625	0.5625
34	23	0.8625	0.5875
34	24	0.8625	0.6125
34	25	0.8625	0.6375
34	26	0.8625	0.6625
34	27	0.8625	0.6875
34	28	0.8625	0.7125
34	29	0.8625	0.7375
34	30	0.8625	0.7625
34	31	0.8625	0.7875
34	32	0.8625	0.8125
34	33	0.8625	0.8375
34	34	0.8625	0.8625
34	35	0.8625	0.8875
34	36	0.8625	0.9125
34	37	0.8625	0.9375
34	38	0.8625	0.9625
34	39	0.8625	0.9875
35	0	0.8875	0.0125
35	1	0.8875	0.0375
35	2	0.8875	0.0625
35	3	0.8875	0.0875
35	4	0.8875	0.1125
35	5	0.8875	0.1375
35	6	0.8875	0.1625
35	7	0.8875	0.1875
35	8	0.8875	0.2125
35	9	0.8875	0.2375
35	10	0.8875	0.2625
35	11	0.8875	0.2875
35	12	0.8875	0.3125
35	13	0.8875	0.3375
35	14	0.8875	0.3625
35	15	0.8875	0.3875
35	16	0.8875	0.4125
35	17	0.8875	0.4375
35	18	0.8875	0.4625
35	19	0.8875	0.4875
35	20	0.8875	0.5125
35	21	0.8875	0.5375
35	22	0.8875	0.5625
35	23	0.8875	0.5875
35	24	0.8875	0.6125
35	25	0.8875	0.6375
35	26	0.8875	0.6625
35	27	0.8875	0.6875
35	28	0.8875	0.7125
35	29	0.8875	0.7375
35	30	0.8875	0.7625
35	31	0.8875	0.7875
35	32	0.8875	0.8125
35	33	0.8875	0.8375
35	34	0.8875	0.8625
35	35	0.8875	0.8875
35	36	0.8875	0.9125
35	37	0.8875	0.9375
35	38	0.8875	0.9625
35	39	0.8875	0.9875
36	0	0.9125	0.0125
36	1	0.9125	0.0375
36	2	0.9125	0.0625
36	3	0.9125	0.0875
36	4	0.9125	0.1125
36	5	0.9125	0.1375
36	6	0.9125	0.1625
36	7	0.9125	0.1875
36	8	0.9125	0.2125
36	9	0.9125	0.2375
36	10	0.9125	0.2625
36	11	0.9125	0.2875
36	12	0.9125	0.3125
36	13	0.9125	0.3375
36	14	0.9125	0.3625
36	15	0.9125	0.3875
36	16	0.9125	0.4125
36	17	0.9125	0.4375
36	18	0.9125	0.4625
36	19	0.9125	0.4875
36	20	0.9125	0.5125
36	21	0.9125	0.5375
36	22	0.9125	0.5625
36	23	0.9125	0.5875
36	24	0.9125	0.6125
36	25	0.9125	0.6375
36	26	0.9125	0.6625
36	27	0.9125	0.6875
36	28	0.9125	0.7125
36	29	0.9125	0.7375
36	30	0.9125	0.7625
36	31	0.9125	0.7875
36	32	0.9125	0.8125
36	33	0.9125	0.8375
36	34	0.9125	0.8625
36	35	0.9125	0.8875
36	36	0.9125	0.9125
36	37	0.9125	0.9375
36	38	0.9125	0.9625
36	39	0.9125	0.9875
37	0	0.9375	0.0125
37	1	0.9375	0.0375
37	2	0.9375	0.0625
37	3	0.9375	0.0875
37	4	0.9375	0.1125
37	5	0.9375	0.1375
37	6	0.9375	0.1625
37	7	0.9375	0.1875
37	8	0.9375	0.2125
37	9	0.9375	0.2375
37	10	0.9375	0.2625
37	11	0.9375	0.2875
37	12	0.9375	0.3125
37	13	0.9375	0.3375
37	14	0.9375	0.3625
37	15	0.9375	0.3875
37	16	0.9375	0.4125
37	17	0.9375	0.4375
37	18	0.9375	0.4625
37	19	0.9375	0.4875
37	20	0.9375	0.5125
37	21	0.9375	0.5375
37	22	0.9375	0.5625
37	23	0.9375	0.5875
37	24	0.9375	0.6125
37	25	0.9375	0.6375
37	26	0.9375	0.6625
37	27	0.9375	0.6875
37	28	0.9375	0.7125
37	29	0.9375	0.7375
37	30	0.9375	0.7625
37	31	0.9375	0.7875
37	32	0.9375	0.8125
37	33	0.9375	0.8375
37	34	0.9375	0.8625
37	35	0.9375	0.8875
37	36	0.9375	0.9125
37	37	0.9375	0.9375
37	38	0.9375	0.9625
37	39	0.9375	0.9875
38	0	0.9625	0.0125
38	1	0.9625	0.0375
38	2	0.9625	0.0625
38	3	0.9625	0.0875
38	4	0.9625	0.1125
38	5	0.9625	0.1375
38	6	0.9625	0.1625
38	7	0.9625	0.1875
38	8	0.9625	0.2125
38	9	0.9625	0.2375
38	10	0.9625	0.2625
38	11	0.9625	0.2875
38	12	0.9625	0.3125
38	13	0.9625	0.3375
38	14	0.9625	0.3625
38	15	0.9625	0.3875
38	16	0.9625	0.4125
38	17	0.9625	0.4375
38	18	0.9625	0.4625
38	19	0.9625	0.4875
38	20	0.9625	0.5125
38	21	0.9625	0.5375
38	22	0.9625	0.5625
38	23	0.9625	0.5875
38	24	0.9625	0.6125
38	25	0.9625	0.6375
38	26	0.9625	0.6625
38	27	0.9625	0.6875
38	28	0.9625	0.7125
38	29	0.9625	0.7375
38	30	0.9625	0.7625
38	31	0.9625	0.7875
38	32	0.9625	0.8125
38	33	0.9625	0.8375
38	34	0.9625	0.8625
38	35	0.9625	0.8875
38	36	0.9625	0.9125
38	37	0.9625	0.9375
38	38	0.9625	0.9625
38	39	0.9625	0.9875
39	0	0.9875	0.0125
39	1	0.9875	0.0375
39	2	0.9875	0.0625
39	3	0.9875	0.0875
39	4	0.9875	0.1125
39	5	0.9875	0.1375
39	6	0.9875	0.1625
39	7	0.9875	0.1875
39	8	0.9875	0.2125
39	9	0.9875	0.2375
39	10	0.9875	0.2625
39	11	0.9875	0.2875
39	12	0.9875	0.3125
39	13	0.9875	0.3375
39	14	0.9875	0.3625
39	15	0.9875	0.3875
39	16	0.9875	0.4125
39	17	0.9875	0.4375
39	18	0.9875	0.4625
39	19	0.9875	0.4875
39	20	0.9875	0.5125
39	21	0.9875	0.5375
39	22	0.9875	0.5625
39	23	0.9875	0.5875
39	24	0.9875	0.6125
39	25	0.9875	0.6375
39	26	0.9875	0.6625
39	27	0.9875	0.6875
39	28	0.9875	0.7125
39	29	0.9875	0.7375
39	30	0.9875	0.7625
39	31	0.9875	0.7875
39	32	0.9875	0.8125
39	33	0.9875	0.8375
39	34	0.9875	0.8625
39	35	0.9875	0.8875
39	36	0.9875	0.9125
39	37	0.9875	0.9375
39	38	0.9875	0.9625
39	39	0.9875	0.9875
