          11          13          95           1          11          13
          11          14          81           1          11          14
          11          15          90           1          11          15
          11          16          80           1          11          16
          11          17          94           1          11          17
          12          13          70           1          12          13
          12          14          53           2          12          14
          12          14          69           2          12          14
          12          15          60           1          12          15
          12          16          52           2          12          16
          12          16          68           2          12          16
          12          17          66           1          12          17
          13          12          57           3          13          12
          13          12          84           3          13          12
          13          12          87           3          13          12
          13          13          49           1          13          13
          13          14          24           3          13          14
          13          14          25           3          13          14
          13          14          41           3          13          14
          13          15          36           1          13          15
          13          16          28           3          13          16
          13          16          30           3          13          16
          13          16          40           3          13          16
          13          17          48           1          13          17
          13          18          56           3          13          18
          13          18          78           3          13          18
          13          18          86           3          13          18
          14          12          46           2          14          12
          14          12          76           2          14          12
          14          13          33           1          14          13
          14          14          11           2          14          14
          14          14          15           2          14          14
          14          15           6           2          14          15
          14          15          18           2          14          15
          14          16          10           2          14          16
          14          16          14           2          14          16
          14          17          32           1          14          17
          14          18          44           2          14          18
          14          18          74           2          14          18
          14          19          98           1          14          19
          15          11          93           1          15          11
          15          12          39           3          15          12
          15          12          64           3          15          12
          15          12          65           3          15          12
          15          13          21           2          15          13
          15          13          23           2          15          13
          15          14           3           3          15          14
          15          14           5           3          15          14
          15          14           9           3          15          14
          15          15           1           1          15          15
          15          16           2           3          15          16
          15          16           4           3          15          16
          15          16           8           3          15          16
          15          17          20           2          15          17
          15          17          22           2          15          17
          15          18          38           3          15          18
          15          18          62           3          15          18
          15          18          63           3          15          18
          15          19          92           1          15          19
          16          11          99           1          16          11
          16          12          47           2          16          12
          16          12          77           2          16          12
          16          13          35           1          16          13
          16          14          13           2          16          14
          16          14          17           2          16          14
          16          15           7           2          16          15
          16          15          19           2          16          15
          16          16          12           2          16          16
          16          16          16           2          16          16
          16          17          34           1          16          17
          16          18          45           2          16          18
          16          18          75           2          16          18
          16          19         100           1          16          19
          17          12          59           3          17          12
          17          12          79           3          17          12
          17          12          89           3          17          12
          17          13          51           1          17          13
          17          14          29           3          17          14
          17          14          31           3          17          14
          17          14          43           3          17          14
          17          15          37           1          17          15
          17          16          26           3          17          16
          17          16          27           3          17          16
          17          16          42           3          17          16
          17          17          50           1          17          17
          17          18          58           3          17          18
          17          18          85           3          17          18
          17          18          88           3          17          18
          18          13          67           1          18          13
          18          14          55           2          18          14
          18          14          73           2          18          14
          18          15          61           1          18          15
          18          16          54           2          18          16
          18          16          72           2          18          16
          18          17          71           1          18          17
          19          13          97           1          19          13
          19          14          83           1          19          14
          19          15          91           1          19          15
          19          16          82           1          19          16
          19          17          96           1          19          17
