       1.00000       0.04918       8.22102
       2.00000       0.06951       7.81250
       3.00000       0.04718       7.36684
       4.00000       0.15025       7.07494
       5.00000       0.06231       6.85799
       6.00000       0.11025       6.70557
       7.00000       0.12420       6.62824
       8.00000       0.16416       6.57600
       9.00000       0.28472       6.52193
      10.00000       0.36694       6.47605
      11.00000       0.52087       6.43577
      12.00000       0.41387       6.40167
      13.00000       0.58195       6.40349
      14.00000       0.56710       6.32309
      15.00000       0.66192       6.31365
      16.00000       0.70396       6.27398
      17.00000       0.75005       6.27683
      18.00000       0.74046       6.30690
      19.00000       0.80110       6.24420
      20.00000       0.73497       6.23484
