       0.00100       0.00000      19.28750
       0.00200       0.00000      19.28598
       0.00300       0.00000      19.28523
       0.00400       0.00000      19.28465
       0.00500       0.00000      19.28322
       0.00600       0.00000      19.28194
       0.00700       0.00000      19.28038
       0.00800       0.00000      19.28000
       0.00900       0.00000      19.27872
       0.01000       0.00000      19.27778
       0.01100       0.00000      19.27750
       0.01200       0.00000      19.27778
       0.01300       0.00000      19.27740
       0.01400       0.00000      19.27602
       0.01500       0.00000      19.27371
       0.01600       0.00000      19.27299
       0.01700       0.00000      19.27072
       0.01800       0.00000      19.26903
       0.01900       0.00000      19.26760
       0.02000       0.00000      19.26568
       0.02100       0.00000      19.26460
       0.02200       0.00000      19.26331
       0.02300       0.00000      19.26308
       0.02400       0.00000      19.26182
       0.02500       0.00000      19.26146
       0.02600       0.00000      19.26010
       0.02700       0.00000      19.25820
       0.02800       0.00000      19.25631
       0.02900       0.00000      19.25582
       0.03000       0.00000      19.25361
       0.03100       0.00000      19.25202
       0.03200       0.00000      19.25079
       0.03300       0.00000      19.24914
       0.03400       0.00000      19.24766
       0.03500       0.00000      19.24574
       0.03600       0.00000      19.24422
       0.03700       0.00000      19.24366
       0.03800       0.00000      19.24189
       0.03900       0.00000      19.24085
       0.04000       0.00000      19.23901
       0.04100       0.00000      19.23784
       0.04200       0.00000      19.23570
       0.04300       0.00000      19.23341
       0.04400       0.00000      19.23166
       0.04500       0.00000      19.23054
       0.04600       0.00000      19.22966
       0.04700       0.00000      19.22852
       0.04800       0.00000      19.22781
       0.04900       0.00000      19.22745
       0.05000       0.00000      19.22694
       0.05100       0.00000      19.22599
       0.05200       0.00000      19.22541
       0.05300       0.00000      19.22470
       0.05400       0.00000      19.22246
       0.05500       0.00000      19.22071
       0.05600       0.00000      19.21972
       0.05700       0.00000      19.21870
       0.05800       0.00000      19.21776
       0.05900       0.00000      19.21695
       0.06000       0.00000      19.21619
       0.06100       0.00000      19.21465
       0.06200       0.00000      19.21424
       0.06300       0.00000      19.21271
       0.06400       0.00000      19.21182
       0.06500       0.00000      19.21089
       0.06600       0.00000      19.20872
       0.06700       0.00000      19.20770
       0.06800       0.00000      19.20564
       0.06900       0.00000      19.20413
       0.07000       0.00000      19.20250
       0.07100       0.00000      19.20087
       0.07200       0.00000      19.20076
       0.07300       0.00000      19.19974
       0.07400       0.00000      19.19845
       0.07500       0.00000      19.19825
       0.07600       0.00000      19.19623
       0.07700       0.00000      19.19458
       0.07800       0.00000      19.19412
       0.07900       0.00000      19.19352
       0.08000       0.00000      19.19326
       0.08100       0.00000      19.19237
       0.08200       0.00000      19.19129
       0.08300       0.00000      19.19067
       0.08400       0.00000      19.18938
       0.08500       0.00000      19.18739
       0.08600       0.00000      19.18531
       0.08700       0.00000      19.18461
       0.08800       0.00000      19.18355
       0.08900       0.00000      19.18240
       0.09000       0.00000      19.18140
       0.09100       0.00000      19.18055
       0.09200       0.00000      19.17717
       0.09300       0.00000      19.17671
       0.09400       0.00000      19.17462
       0.09500       0.00000      19.17322
       0.09600       0.00000      19.17134
       0.09700       0.00000      19.17118
       0.09800       0.00000      19.17058
       0.09900       0.00000      19.16920
       0.10000       0.00000      19.16697
       0.10100       0.00000      19.16595
       0.10200       0.00000      19.16381
       0.10300       0.00000      19.16207
       0.10400       0.00000      19.16042
       0.10500       0.00000      19.15861
       0.10600       0.00000      19.15703
       0.10700       0.00000      19.15493
       0.10800       0.00000      19.15356
       0.10900       0.00000      19.15201
       0.11000       0.00000      19.14955
       0.11100       0.00000      19.14864
       0.11200       0.00000      19.14687
       0.11300       0.00000      19.14596
       0.11400       0.00000      19.14493
       0.11500       0.00000      19.14401
       0.11600       0.00000      19.14310
       0.11700       0.00000      19.14048
       0.11800       0.00000      19.13885
       0.11900       0.00000      19.13821
       0.12000       0.00000      19.13697
       0.12100       0.00000      19.13488
       0.12200       0.00000      19.13464
       0.12300       0.00000      19.13350
       0.12400       0.00000      19.13245
       0.12500       0.00000      19.13167
       0.12600       0.00000      19.12944
       0.12700       0.00000      19.12813
       0.12800       0.00000      19.12720
       0.12900       0.00000      19.12519
       0.13000       0.00000      19.12308
       0.13100       0.00000      19.12210
       0.13200       0.00000      19.12079
       0.13300       0.00000      19.11924
       0.13400       0.00000      19.11679
       0.13500       0.00000      19.11684
       0.13600       0.00000      19.11498
       0.13700       0.00000      19.11294
       0.13800       0.00000      19.11116
       0.13900       0.00000      19.10931
       0.14000       0.00000      19.10843
       0.14100       0.00000      19.10774
       0.14200       0.00000      19.10619
       0.14300       0.00000      19.10409
       0.14400       0.00000      19.10337
       0.14500       0.00000      19.10286
       0.14600       0.00000      19.10132
       0.14700       0.00000      19.09946
       0.14800       0.00000      19.09812
       0.14900       0.00000      19.09759
       0.15000       0.00000      19.09601
       0.15100       0.00000      19.09495
       0.15200       0.00000      19.09444
       0.15300       0.00000      19.09282
       0.15400       0.00000      19.09126
       0.15500       0.00000      19.08869
       0.15600       0.00000      19.08653
       0.15700       0.00000      19.08506
       0.15800       0.00000      19.08444
       0.15900       0.00000      19.08360
       0.16000       0.00000      19.08197
       0.16100       0.00000      19.08040
       0.16200       0.00000      19.07923
       0.16300       0.00000      19.07764
       0.16400       0.00000      19.07825
       0.16500       0.00000      19.07729
       0.16600       0.00000      19.07628
       0.16700       0.00000      19.07477
       0.16800       0.00000      19.07377
       0.16900       0.00000      19.07168
       0.17000       0.00000      19.07144
       0.17100       0.00000      19.07099
       0.17200       0.00000      19.07006
       0.17300       0.00000      19.06854
       0.17400       0.00000      19.06741
       0.17500       0.00000      19.06645
       0.17600       0.00000      19.06569
       0.17700       0.00000      19.06362
       0.17800       0.00000      19.06179
       0.17900       0.00000      19.06051
       0.18000       0.00000      19.05978
       0.18100       0.00000      19.05941
       0.18200       0.00000      19.05889
       0.18300       0.00000      19.05821
       0.18400       0.00000      19.05745
       0.18500       0.00000      19.05543
       0.18600       0.00000      19.05434
       0.18700       0.00000      19.05261
       0.18800       0.00000      19.05069
       0.18900       0.00000      19.04985
       0.19000       0.00000      19.04823
