    1     0.50970     0.07582     0.00000    -1.65223     0.55455
    2    -0.69505     2.01435     0.00000     0.33888     1.00000
    3    -1.00648    -1.84906     0.00000    -0.33078     0.35626
    4     1.27185     1.83607     0.00000    -1.23434     0.55686
    5     1.23868    -2.03097     0.00000    -1.83802     0.73695
    6    -2.60564    -0.33778     0.00000    -0.26404     0.60871
    7     2.10370     0.24018     0.00000    -3.29663     0.16661
    8     0.37570     4.24605     0.00000    -1.22697     0.33310
    9     0.25775    -3.66143     0.00000    -0.83470     0.12154
   10    -3.13125     1.99720     0.00000    -1.26228     0.00000
   11    -3.01385    -2.05036     0.00000     1.06052     0.99111
   12     3.26773     2.18186     0.00000    -1.07658     0.50860
   13     3.36386    -1.99654     0.00000     1.10722     0.61882
   14    -1.75125     4.33318     0.00000     1.78740     0.31790
   15    -1.67072    -3.94383     0.00000     0.45726     0.46094
   16     2.34856     3.64489     0.00000     0.01423     0.95817
   17     2.82827    -3.67390     0.00000     1.04470     0.59379
   18    -4.53169    -0.10209     0.00000     0.60234     0.39063
   19     4.19547    -0.26440     0.00000     0.99209     0.67285
   20    -1.47731     5.93563     0.00000    -1.43758     0.33862
   21     1.50368    -5.50249     0.00000     1.33653     1.00000
   22     0.82109     6.00410     0.00000    -2.13982     0.45024
   23    -1.16675    -5.64580     0.00000    -3.30500     0.96282
   24    -5.35720    -1.65206     0.00000     2.29281     0.85773
   25    -4.85230    -4.04291     0.00000    -0.41902     0.97345
   26     4.64198     3.95011     0.00000     0.73951     0.85099
   27     4.92598     1.75855     0.00000    -0.31592     0.43661
   28    -4.59386     3.87594     0.00000    -1.61067     0.28326
   29     4.79845    -3.52422     0.00000    -4.70845     0.59378
   30    -5.48163     2.43194     0.00000     1.09006     0.18188
   31     5.78929    -1.48815     0.00000    -0.73682     0.65049
   32    -3.20561     5.96387     0.00000    -0.63582     0.80597
   33    -3.72190    -6.01542     0.00000     0.59902     1.00000
   34     3.81207     5.66379     0.00000    -1.76905     0.75631
   35     3.69033    -6.09263     0.00000    -1.24587     0.69225
   36    -6.76508     0.22253     0.00000     1.52835     0.98837
   37     6.43641     0.26621     0.00000     1.19001     0.55431
   38    -0.17091     7.15422     0.00000    -2.15462     0.25964
   39     0.24999    -7.19575     0.00000    -2.82110     0.96373
   40    -6.74060     3.86767     0.00000    -0.91672     0.30479
   41    -6.72449    -3.09174     0.00000     0.87232     0.70652
   42     6.84678     3.99509     0.00000     1.71647     0.52515
   43     6.48096    -3.40209     0.00000     0.56807     0.36948
   44    -2.22046     8.14102     0.00000    -1.88792     0.43216
   45     1.78883     7.39392     0.00000     0.39042     0.99956
   46    -1.77244    -7.81109     0.00000    -1.89933     0.66712
   47     2.46306    -7.76682     0.00000    -1.35674     0.98008
   48    -5.65219     5.32491     0.00000    -1.30394     0.42813
   49    -5.62832    -5.35752     0.00000    -2.15381     0.62112
   50     5.83778     5.71205     0.00000    -0.47472     0.40047
   51     5.43655    -5.89621     0.00000    -1.64519     0.91071
   52    -7.94449     2.10578     0.00000    -0.55828     0.70321
   53    -7.75367    -1.62552     0.00000    -0.83806     0.27484
   54     7.36348     2.38440     0.00000    -0.19242     0.78287
   55     7.88318    -1.91858     0.00000    -0.61300     0.77847
   56    -4.21542     7.35359     0.00000     2.07717     0.65530
   57    -4.54815    -8.06457     0.00000     1.28992     1.00000
   58     4.05446     7.96081     0.00000     0.30746     1.00000
   59     4.27104    -7.62201     0.00000    -2.71670     0.83966
   60    -8.48144     0.12148     0.00000    -2.48519     0.22089
   61     8.28414     0.39639     0.00000    -3.27437     0.71202
   62    -0.93922     9.52214     0.00000     4.35003     0.87660
   63     0.86885     9.42580     0.00000     1.50470     0.68691
   64    -0.67833    -9.45116     0.00000     0.39611     0.17458
   65     1.31147    -9.66224     0.00000    -1.30893     0.77778
   66    -7.77060     5.79173     0.00000    -1.45861     0.78203
   67     8.09008    -5.23120     0.00000     0.88198     0.74170
   68    -9.05324     3.42285     0.00000     2.65318     0.45821
   69    -8.97708    -3.96176     0.00000    -2.29460     0.22685
   70    -7.73047    -5.60944     0.00000    -0.79038     0.96062
   71     7.55275     5.62410     0.00000    -0.08543     0.27716
   72     8.38859     4.00724     0.00000    -2.86790     0.84706
   73     9.12674    -3.57352     0.00000     1.01804     0.87801
   74    -3.53221     9.24331     0.00000    -0.84726     0.37417
   75     3.51918     9.92132     0.00000     3.16503     0.03337
   76    -2.75799    -9.53222     0.00000    -0.76215     0.12121
   77     3.38841    -9.83535     0.00000     0.69605     0.92237
   78    -6.85565     8.12604     0.00000    -2.02316     1.00000
   79     6.19588    -7.64500     0.00000    -1.40540     0.54150
   80   -10.07672     1.48927     0.00000    -1.58167     0.29577
   81    -9.96365    -1.58585     0.00000     0.28791     1.00000
   82     9.97629     1.69747     0.00000     1.66990     0.96249
   83    10.02355    -1.92666     0.00000    -0.90887     0.82940
   84    -7.10908    -7.83692     0.00000     0.83315     1.00000
   85     7.10483     7.48143     0.00000    -0.38904     0.71192
   86    -5.44915     9.76890     0.00000     0.71002     0.70400
   87    -5.84470    -9.17046     0.00000     2.29201     0.61096
   88     5.41281     9.72647     0.00000    -0.23018     1.00000
   89     5.14086    -9.69601     0.00000    -1.50435     1.00000
   90   -10.81217     0.06485     0.00000    -1.67151     0.82670
   91    10.98767     0.04393     0.00000    -0.27016     0.43060
   92    -0.19224    11.64672     0.00000    -0.01953     1.00000
   93    -0.35661   -11.27414     0.00000    -1.35318     1.00000
   94    -9.48619     5.60564     0.00000     0.59412     1.00000
   95   -10.05594    -5.44119     0.00000     1.45139     1.00000
   96    10.21950     5.42497     0.00000    -0.19764     0.00000
   97    10.15751    -5.53418     0.00000    -0.18516     1.00000
   98    -2.01550    11.58844     0.00000    -3.75393     1.00000
   99     2.24695   -11.18195     0.00000    -1.28048     0.64606
  100     2.15407    11.14350     0.00000    -2.33994     0.98401
    1     0.12646     0.49939     0.00000    -1.53327     0.33021
    2    -0.45459     2.03951     0.00000    -0.10580     0.73133
    3    -0.91074    -2.11510     0.00000     0.15888     0.52357
    4     1.48929     1.52124     0.00000    -1.10524     0.33441
    5     1.01782    -2.48305     0.00000    -1.81767     0.32056
    6    -2.71778    -0.45172     0.00000    -0.13121     0.19506
    7     1.60295    -0.48868     0.00000    -3.46454     0.17475
    8    -0.44389     3.79960     0.00000    -1.15807     0.41545
    9    -0.17578    -3.71843     0.00000    -0.18502     0.38956
   10    -2.90571     1.85884     0.00000    -1.03512     0.38601
   11    -2.87535    -2.23204     0.00000     1.45210     0.55593
   12     3.13833     2.21791     0.00000    -0.89999     0.51236
   13     3.12037    -1.91246     0.00000     0.77127     0.75995
   14    -2.54093     3.72132     0.00000     1.74841     0.77955
   15    -2.05244    -3.89480     0.00000     0.48372     0.82125
   16     1.69773     3.63003     0.00000     0.29340     0.56060
   17     2.97152    -3.78530     0.00000     1.14039     0.50522
   18    -4.40967     0.40871     0.00000     0.76486     0.22958
   19     3.68837    -0.12772     0.00000     1.27788     0.78794
   20    -1.46724     5.80184     0.00000    -1.21972     0.72862
   21     1.68510    -4.93010     0.00000     1.09740     0.83177
   22     0.85815     5.30560     0.00000    -2.07030     0.54661
   23    -1.23241    -5.63918     0.00000    -3.38796     0.56227
   24    -5.48768    -1.16785     0.00000     2.10716     0.43224
   25    -4.86089    -3.98262     0.00000    -0.21056     0.91454
   26     4.71706     3.61775     0.00000     0.39136     0.44857
   27     4.72244     1.65203     0.00000    -0.52249     0.13437
   28    -4.40975     3.68872     0.00000    -1.45344     0.19612
   29     4.65444    -2.96203     0.00000    -3.90368     0.58134
   30    -5.37970     1.96696     0.00000     1.32425     0.25266
   31     5.28074    -1.32239     0.00000    -0.54096     0.31123
   32    -3.22933     5.42382     0.00000    -1.02249     0.90956
   33    -3.37974    -5.99717     0.00000    -0.36834     0.64733
   34     3.48879     5.42313     0.00000    -1.72045     1.00000
   35     3.54566    -5.50267     0.00000    -1.68835     0.33929
   36    -6.18258     0.63893     0.00000     1.40211     0.30674
   37     6.24817     0.37262     0.00000     1.79076     0.69556
   38     0.12278     7.02765     0.00000    -2.23562     0.31068
   39     0.21059    -6.09748     0.00000    -3.26846     0.81963
   40    -6.15580     3.86146     0.00000    -0.74610     0.75062
   41    -6.22485    -2.91208     0.00000     0.98773     0.49087
   42     6.44222     3.81656     0.00000     1.51826     0.47808
   43     6.43530    -3.22405     0.00000    -0.10883     0.65295
   44    -1.72508     7.62863     0.00000    -2.15159     0.14720
   45     1.88084     7.06712     0.00000     0.20413     0.49089
   46    -1.69400    -7.03893     0.00000    -1.80179     0.44453
   47     1.62181    -6.78872     0.00000    -1.60637     0.76930
   48    -5.13868     5.42590     0.00000    -1.52286     0.29080
   49    -5.11101    -5.72318     0.00000    -2.36208     0.44553
   50     5.72286     5.46554     0.00000    -0.38276     0.50623
   51     5.15880    -5.83166     0.00000    -1.66586     0.60407
   52    -7.45619     2.12830     0.00000    -0.37107     0.36217
   53    -7.47943    -1.60813     0.00000    -0.97565     0.48289
   54     6.73268     2.15639     0.00000    -0.28502     0.23439
   55     7.31240    -1.82896     0.00000    -0.33895     0.38732
   56    -3.72687     6.94649     0.00000     1.84149     0.23050
   57    -4.12043    -7.30151     0.00000     1.12929     0.66508
   58     3.71949     7.63281     0.00000     0.50538     0.99887
   59     4.30713    -7.51851     0.00000    -2.68396     0.43909
   60    -8.37753     0.49458     0.00000    -2.57968     0.71166
   61     8.21304     0.56100     0.00000    -2.43752     0.53850
   62    -0.57549     8.97019     0.00000     4.34289     0.40718
   63     0.93868     8.70421     0.00000     1.27132     0.24626
   64    -1.02104    -8.85209     0.00000     0.56169     0.33648
   65     1.14352    -9.04324     0.00000    -1.44943     0.84120
   66    -7.06815     5.48100     0.00000    -1.74661     0.44427
   67     7.37763    -5.19374     0.00000     0.73248     1.00000
   68    -8.44070     3.63865     0.00000     2.44384     0.69492
   69    -7.84915    -3.57289     0.00000    -2.50719     0.79861
   70    -7.15475    -5.08589     0.00000    -0.71611     0.89590
   71     7.51246     5.50641     0.00000    -0.35802     0.68125
   72     8.43538     3.20887     0.00000    -3.11228     0.89383
   73     8.85066    -3.09259     0.00000     1.10583     0.46168
   74    -3.02290     8.56977     0.00000    -0.48438     0.13180
   75     3.78323     9.58178     0.00000     3.36954     0.50893
   76    -2.86173    -9.30766     0.00000    -0.35229     1.00000
   77     3.19315    -9.37780     0.00000     0.90620     0.69983
   78    -6.68926     7.49135     0.00000    -2.08105     1.00000
   79     6.28799    -7.42970     0.00000    -1.43433     0.44878
   80    -9.46915     2.09204     0.00000    -1.83416     0.17431
   81    -9.57217    -1.43022     0.00000     0.19480     0.65561
   82     9.92740     0.88995     0.00000     1.87428     0.91496
   83     9.35139    -1.44287     0.00000    -1.00536     0.86609
   84    -6.63775    -7.04905     0.00000     0.49636     0.97517
   85     6.40672     7.14903     0.00000     0.12063     0.81504
   86    -5.61257     9.42792     0.00000     1.25611     0.00000
   87    -5.55176    -8.47028     0.00000     2.28882     0.30023
   88     5.40043     9.07330     0.00000    -0.04019     0.97705
   89     5.03222    -9.44415     0.00000    -1.28135     0.62385
   90   -10.19116     0.35727     0.00000    -1.40356     0.28127
   91    11.21153    -0.39001     0.00000    -0.65904     0.86587
   92    -0.24489    10.86094     0.00000     0.14174     0.99637
   93    -0.85507   -10.57433     0.00000    -1.08649     1.00000
   94    -9.12414     5.16276     0.00000     0.83068     0.50286
   95    -9.42959    -5.14550     0.00000     1.96343     0.00000
   96     9.72512     5.33003     0.00000    -0.36006     0.00000
   97     9.84248    -5.04166     0.00000    -0.48702     1.00000
   98    -2.26004    11.31018     0.00000    -3.46849     1.00000
   99     2.00592   -10.71624     0.00000    -0.90128     0.00113
  100     2.02696    10.67682     0.00000    -2.58196     1.00000
    1    -0.28441     0.07037     0.00000    -1.52017     0.35346
    2    -0.57397     1.83804     0.00000    -0.08370     0.57214
    3    -0.82309    -1.73677     0.00000     0.45745     0.54675
    4     1.54448     1.26295     0.00000    -1.04023     0.13105
    5     0.94394    -2.17548     0.00000    -1.61264     0.19765
    6    -2.42695    -0.26459     0.00000     0.27837     0.28801
    7     1.73388    -0.58981     0.00000    -3.43568     0.04583
    8    -0.56827     3.56001     0.00000    -1.38351     0.22755
    9    -0.16167    -3.52823     0.00000    -0.23982     0.19397
   10    -2.84524     1.54595     0.00000    -1.03635     0.35334
   11    -3.07159    -1.85118     0.00000     1.55856     0.72250
   12     2.85946     2.38376     0.00000    -0.79946     0.97763
   13     2.98674    -1.75615     0.00000     0.77475     0.33859
   14    -2.38798     3.34586     0.00000     1.20952     0.48656
   15    -1.92505    -3.29997     0.00000     0.50690     0.48737
   16     1.29087     2.94763     0.00000     0.64593     0.38474
   17     2.96861    -3.77594     0.00000     0.57776     0.28659
   18    -4.12543     0.32918     0.00000     0.93662     0.75043
   19     3.56672    -0.24509     0.00000     1.12308     0.25809
   20    -1.22979     5.16282     0.00000    -1.13934     0.22049
   21     1.32619    -4.56941     0.00000     1.22818     0.33852
   22     0.77807     4.64564     0.00000    -1.49056     0.62215
   23    -0.97030    -5.00975     0.00000    -3.41263     0.39736
   24    -5.00572    -1.19874     0.00000     1.64744     0.23997
   25    -4.43723    -3.37755     0.00000     0.00837     0.61314
   26     4.55818     3.28189     0.00000     0.51505     0.27586
   27     4.42904     1.48774     0.00000    -1.04445     0.08869
   28    -4.00878     3.36981     0.00000    -1.75104     0.20717
   29     4.20645    -2.71520     0.00000    -3.85164     0.12101
   30    -5.39603     1.87945     0.00000     1.63226     0.54130
   31     5.17737    -1.27127     0.00000    -0.15540     0.71638
   32    -3.00842     5.26482     0.00000    -0.94017     0.22046
   33    -2.97387    -5.43680     0.00000    -0.50343     0.77419
   34     3.62855     5.20405     0.00000    -1.87880     0.22466
   35     3.72741    -5.25829     0.00000    -1.41039     0.37764
   36    -5.86293     0.21219     0.00000     1.62225     0.12139
   37     5.64896     0.11450     0.00000     1.41355     0.08452
   38     0.11661     6.17694     0.00000    -3.13910     0.16478
   39     0.30016    -5.96981     0.00000    -3.37970     0.96199
   40    -5.49071     3.45255     0.00000    -0.19324     0.72890
   41    -6.06041    -2.93176     0.00000     1.20678     0.58597
   42     6.28514     3.61383     0.00000     1.58333     0.46368
   43     5.96842    -3.43188     0.00000    -0.18297     0.26466
   44    -1.78880     6.93405     0.00000    -2.14934     0.22175
   45     1.62734     6.18308     0.00000     0.11498     0.12015
   46    -1.71905    -6.89279     0.00000    -2.29990     0.65885
   47     2.12778    -6.64209     0.00000    -1.74442     0.14426
   48    -4.64244     5.02872     0.00000    -1.28333     0.39612
   49    -4.84135    -5.51114     0.00000    -2.14691     0.42218
   50     5.59779     5.16974     0.00000    -0.15705     0.31912
   51     5.16417    -5.07484     0.00000    -1.42487     0.78918
   52    -7.12542     1.90510     0.00000    -0.55818     0.19572
   53    -6.95776    -1.35900     0.00000    -1.14182     0.32155
   54     6.08437     2.06894     0.00000     0.04881     0.36546
   55     7.16563    -1.76616     0.00000    -0.36413     0.21350
   56    -3.80878     6.89781     0.00000     1.70030     0.21915
   57    -3.75610    -6.74724     0.00000     1.16897     0.94165
   58     2.81111     7.42334     0.00000     0.69807     0.42193
   59     4.18063    -7.42515     0.00000    -2.47320     0.20274
   60    -7.60167     0.23411     0.00000    -2.39635     0.33696
   61     7.60119    -0.01454     0.00000    -2.37797     0.10378
   62    -1.23341     8.48879     0.00000     4.36804     0.60634
   63     0.85798     7.81776     0.00000     0.83265     0.15144
   64    -0.96114    -8.58372     0.00000     0.08342     0.39485
   65     0.73410    -8.36322     0.00000    -0.94300     0.23797
   66    -6.68293     5.52185     0.00000    -1.96660     0.57614
   67     7.30527    -4.53273     0.00000     0.71018     0.20749
   68    -8.19046     3.45126     0.00000     2.44614     0.41468
   69    -7.86636    -3.25381     0.00000    -2.65799     0.36019
   70    -6.59097    -4.55500     0.00000    -0.94544     0.58413
   71     7.23884     5.40027     0.00000    -0.28719     0.73126
   72     8.21845     3.32153     0.00000    -3.50807     0.60495
   73     8.38913    -2.97957     0.00000     0.70693     0.50423
   74    -2.81178     8.61915     0.00000    -0.33393     0.27313
   75     3.97923     8.96535     0.00000     3.66569     0.05246
   76    -2.67090    -9.00752     0.00000    -0.58594     1.00000
   77     2.86674    -8.33195     0.00000     0.77712     0.34490
   78    -6.03656     7.06696     0.00000    -2.29995     0.30443
   79     5.88030    -6.95550     0.00000    -1.38872     0.62907
   80    -9.12584     1.87751     0.00000    -1.64901     0.36271
   81    -8.87311    -1.59662     0.00000     0.16763     0.73103
   82     8.87559     1.17739     0.00000     1.92960     1.00000
   83     8.78169    -1.02427     0.00000    -0.99422     0.34284
   84    -6.22641    -6.38978     0.00000     0.92026     0.81229
   85     5.65331     7.09437     0.00000     0.30998     0.99622
   86    -5.46362     8.98238     0.00000     0.54426     1.00000
   87    -5.21548    -7.79407     0.00000     2.47466     0.87882
   88     5.97555     8.76402     0.00000    -0.11357     0.90970
   89     5.18568    -8.78592     0.00000    -0.99214     0.56313
   90    -9.40189     0.08462     0.00000    -1.51619     0.29505
   91    10.71237    -1.13623     0.00000    -0.10718     1.00000
   92    -0.08386    10.08362     0.00000    -0.12161     0.81835
   93    -0.53095   -10.15397     0.00000    -1.61158     0.46358
   94    -8.67273     5.10619     0.00000     0.77453     0.82574
   95    -8.54429    -5.01818     0.00000     2.28613     0.96008
   96     9.25708     5.08050     0.00000    -0.44802     0.98745
   97     9.47558    -5.10017     0.00000    -0.33777     0.00000
   98    -2.41318    10.52939     0.00000    -4.00100     1.00000
   99     1.94834    -9.87645     0.00000    -0.47871     0.95574
  100     1.72289     9.81062     0.00000    -2.22127     0.33134
    1    -0.35019    -0.04537     0.00000    -1.88596     0.06316
    2    -0.55915     1.70010     0.00000     0.19440     0.25827
    3    -1.05164    -1.63676     0.00000     0.61633     0.33927
    4     1.55886     1.04423     0.00000    -0.50215     0.53853
    5     0.78362    -2.13387     0.00000    -1.94643     0.34601
    6    -2.19782    -0.24025     0.00000     0.09062     0.43333
    7     1.47292    -0.81596     0.00000    -3.58511     0.85925
    8    -0.66843     3.32836     0.00000    -1.29802     0.77352
    9    -0.08287    -3.33335     0.00000    -0.37709     0.32204
   10    -2.19850     1.47592     0.00000    -0.94651     0.43521
   11    -2.62213    -2.02494     0.00000     2.00070     0.54120
   12     2.91682     2.05280     0.00000    -0.76670     0.53128
   13     3.12405    -1.36414     0.00000     0.90187     0.44613
   14    -2.36923     3.24683     0.00000     1.38452     0.51883
   15    -2.06291    -3.54082     0.00000     0.22063     0.34086
   16     1.14502     2.73614     0.00000    -0.03652     0.17953
   17     2.42873    -3.19644     0.00000     0.49427     0.56288
   18    -3.75028     0.53723     0.00000     0.99161     0.63417
   19     3.70153     0.09966     0.00000     1.00900     0.38470
   20    -1.25094     4.74372     0.00000    -1.27386     0.40591
   21     1.17254    -4.46437     0.00000     1.01684     0.27255
   22     1.19662     4.28942     0.00000    -1.59843     0.81360
   23    -0.73675    -4.96312     0.00000    -3.56853     0.60950
   24    -4.69441    -1.47922     0.00000     1.62699     0.41528
   25    -3.79930    -3.63847     0.00000    -0.21526     0.17285
   26     3.85635     3.47911     0.00000     0.69082     0.03660
   27     4.39936     1.52474     0.00000    -0.68824     0.16521
   28    -3.90303     3.16071     0.00000    -1.78851     0.89084
   29     4.22466    -2.84950     0.00000    -3.70365     0.06395
   30    -5.09303     1.61561     0.00000     1.61371     0.32449
   31     5.07348    -1.35027     0.00000    -0.10428     0.77410
   32    -2.95438     4.89678     0.00000    -1.47031     0.61071
   33    -2.64944    -5.15495     0.00000    -0.28699     0.26617
   34     3.23137     5.63107     0.00000    -1.58957     0.70657
   35     3.31132    -4.83054     0.00000    -1.45007     0.44880
   36    -5.49546    -0.00904     0.00000     1.66437     0.33004
   37     5.49796     0.08609     0.00000     1.48012     0.41181
   38     0.01984     5.70167     0.00000    -2.74446     0.21976
   39     0.51169    -6.05528     0.00000    -3.72214     0.54389
   40    -5.59647     3.13944     0.00000    -0.13209     0.33077
   41    -5.26099    -3.03856     0.00000     1.42684     0.36144
   42     5.83588     3.52644     0.00000     1.69923     0.49792
   43     5.60218    -3.35991     0.00000    -0.53245     0.64483
   44    -1.66652     6.42569     0.00000    -2.00482     0.43111
   45     1.61173     5.90907     0.00000     0.23334     0.41152
   46    -1.49550    -6.34265     0.00000    -1.92712     0.45167
   47     1.78198    -6.77847     0.00000    -2.16155     0.26906
   48    -4.42015     4.88515     0.00000    -1.48452     0.63510
   49    -4.60861    -5.23234     0.00000    -2.38963     0.43863
   50     4.86511     4.94804     0.00000    -0.04232     0.19489
   51     5.02047    -5.02199     0.00000    -1.66611     0.27334
   52    -6.79990     1.74016     0.00000    -1.10538     0.27504
   53    -6.70085    -1.27533     0.00000    -0.95368     0.18334
   54     6.18295     2.14192     0.00000     0.13361     0.47331
   55     6.73207    -1.70895     0.00000    -0.55301     0.49737
   56    -3.65551     6.48710     0.00000     1.60659     0.40760
   57    -3.71681    -6.51537     0.00000     0.69221     0.38602
   58     2.83881     7.34545     0.00000     0.44466     0.45535
   59     3.99826    -6.57081     0.00000    -2.11215     0.54127
   60    -7.50029    -0.08353     0.00000    -2.53862     0.72094
   61     7.33629     0.26026     0.00000    -2.30274     0.20261
   62    -0.89459     8.11254     0.00000     4.49307     0.59939
   63     0.74698     7.40609     0.00000     0.75691     0.56306
   64    -1.01311    -8.30119     0.00000     0.24588     0.39337
   65     0.69920    -8.21745     0.00000    -1.27979     0.36732
   66    -6.12705     5.16031     0.00000    -1.94790     0.24877
   67     6.78752    -4.72767     0.00000     1.04637     0.52300
   68    -7.58810     3.61696     0.00000     2.56866     0.05687
   69    -7.40120    -2.95939     0.00000    -2.18572     0.57079
   70    -6.52552    -4.44808     0.00000    -0.71561     0.57245
   71     6.50502     5.03698     0.00000    -0.24071     0.49021
   72     7.74627     2.75833     0.00000    -3.13647     0.50678
   73     7.85907    -2.75283     0.00000     1.01856     0.91249
   74    -2.53080     8.07389     0.00000    -0.50781     0.72613
   75     4.23429     8.20012     0.00000     3.61019     0.62662
   76    -2.51838    -9.33976     0.00000    -0.67996     0.24551
   77     3.00304    -7.93101     0.00000     1.22010     0.30072
   78    -5.48949     6.56599     0.00000    -2.13066     0.27040
   79     6.07484    -6.63723     0.00000    -1.37360     0.68973
   80    -9.33273     1.75583     0.00000    -1.37632     1.00000
   81    -8.77779    -2.15929     0.00000     0.74275     0.64992
   82     8.89449     1.05298     0.00000     1.99149     0.33755
   83     8.23909    -0.93878     0.00000    -0.76375     0.52163
   84    -5.90260    -6.01537     0.00000     0.70795     0.87250
   85     5.70595     6.87794     0.00000     0.60736     0.23859
   86    -5.10752     8.48869     0.00000     0.68369     1.00000
   87    -5.21460    -7.51951     0.00000     2.11716     0.99950
   88     5.78277     8.93813     0.00000     0.98939     0.96174
   89     4.78322    -8.42549     0.00000    -1.15214     0.92818
   90    -9.43505    -0.13144     0.00000    -1.04658     0.61494
   91    10.17546    -1.06519     0.00000     0.47476     1.00000
   92    -0.00493     9.50121     0.00000    -0.13410     0.71155
   93    -0.52680   -10.01345     0.00000    -2.23434     0.44734
   94    -8.27514     5.25166     0.00000     0.65312     0.92428
   95    -8.47796    -4.49647     0.00000     2.27653     0.97979
   96     8.78048     4.48964     0.00000    -0.76910     1.00000
   97     8.83491    -4.74153     0.00000     0.05984     1.00000
   98    -2.48104    10.29270     0.00000    -4.45236     0.00000
   99     2.43290    -9.45692     0.00000    -0.14302     0.28344
  100     1.79443     9.51729     0.00000    -2.17967     1.00000
    1     0.10225    -0.11356     0.00000    -2.54594     0.49408
    2    -0.39347     1.43324     0.00000     0.29354     0.54069
    3    -1.03155    -1.46796     0.00000     0.13286     0.04314
    4     1.29248     1.18159     0.00000    -0.07746     0.04232
    5     0.82134    -2.02836     0.00000    -2.15888     0.19152
    6    -1.96690    -0.10441     0.00000     0.13592     0.53435
    7     1.76409    -0.53015     0.00000    -3.37058     0.42722
    8    -0.43577     3.07780     0.00000    -1.55213     0.67593
    9    -0.11742    -3.38467     0.00000    -0.43744     0.24017
   10    -2.13423     1.59963     0.00000    -0.22274     0.73613
   11    -2.47056    -1.75567     0.00000     1.66469     0.89014
   12     2.75357     2.21541     0.00000    -0.73101     0.34960
   13     3.12211    -1.38509     0.00000     1.16021     0.33899
   14    -2.04019     3.08118     0.00000     1.38672     0.89511
   15    -2.11176    -3.42023     0.00000     0.37952     0.57252
   16     1.13423     2.73334     0.00000    -0.22804     0.48309
   17     2.36119    -2.91585     0.00000     0.31197     0.87906
   18    -3.54385     0.36267     0.00000     1.48340     0.53585
   19     3.47681     0.22519     0.00000     0.82565     0.55826
   20    -1.04525     4.50867     0.00000    -1.49448     0.71426
   21     1.24328    -4.23382     0.00000     0.96567     0.54145
   22     1.36105     4.39848     0.00000    -1.41368     0.54327
   23    -0.87246    -4.77146     0.00000    -3.62513     0.43985
   24    -4.29424    -1.28526     0.00000     1.93257     0.51287
   25    -3.86617    -3.80111     0.00000    -0.52399     0.08619
   26     3.64996     3.48223     0.00000     0.70589     0.53353
   27     4.15827     1.60673     0.00000    -0.74673     0.30981
   28    -3.58615     2.87278     0.00000    -1.75129     0.96333
   29     4.10723    -2.76715     0.00000    -3.52804     0.37988
   30    -4.83877     1.53506     0.00000     1.41095     0.62006
   31     4.76687    -1.19593     0.00000    -0.11962     0.76815
   32    -2.60637     4.69539     0.00000    -1.59089     0.82614
   33    -2.56864    -5.05777     0.00000    -0.08099     0.57004
   34     3.36894     5.65509     0.00000    -1.23443     0.86969
   35     2.97908    -4.49156     0.00000    -1.84958     0.30261
   36    -5.40398    -0.14717     0.00000     1.95935     0.02973
   37     5.21530     0.21759     0.00000     1.36793     0.31476
   38     0.24484     5.64125     0.00000    -2.86996     0.30439
   39     0.47927    -5.52036     0.00000    -3.80170     0.60320
   40    -5.25008     3.07567     0.00000    -0.09232     0.59487
   41    -5.21202    -2.93211     0.00000     1.21947     0.55558
   42     5.78172     3.32147     0.00000     1.80095     0.35577
   43     5.66504    -3.17100     0.00000    -0.64323     0.19124
   44    -1.34064     6.35317     0.00000    -1.88958     0.80920
   45     1.69078     6.02282     0.00000     0.35783     0.55978
   46    -1.22422    -6.20930     0.00000    -2.03635     0.06839
   47     2.02781    -5.97539     0.00000    -2.21553     0.54943
   48    -4.13971     4.65690     0.00000    -1.75729     0.91308
   49    -4.60465    -5.30087     0.00000    -2.35709     0.51162
   50     4.98480     4.67748     0.00000     0.39973     0.46929
   51     4.68388    -4.74619     0.00000    -1.47338     0.46865
   52    -6.60381     1.87407     0.00000    -1.28442     0.49416
   53    -6.86575    -1.16613     0.00000    -0.70620     0.70371
   54     5.89678     1.63120     0.00000    -0.03650     0.08460
   55     6.60766    -1.69196     0.00000    -0.52123     0.50556
   56    -3.51435     6.17131     0.00000     1.66778     0.91273
   57    -3.63335    -6.58197     0.00000     0.72617     0.49239
   58     2.77395     7.23856     0.00000     0.42207     0.31488
   59     3.82404    -6.36656     0.00000    -2.22455     0.08046
   60    -7.47754     0.32991     0.00000    -2.38899     0.33127
   61     7.01887     0.11179     0.00000    -2.29730     0.40077
   62    -1.01210     7.92951     0.00000     4.54616     0.50516
   63     0.66395     7.52963     0.00000     0.99003     0.34577
   64    -0.67315    -8.01069     0.00000     0.24783     0.37447
   65     0.65823    -7.28928     0.00000    -1.19398     0.46283
   66    -5.67050     4.80593     0.00000    -1.75463     0.23403
   67     6.54760    -4.64461     0.00000     0.77226     0.53031
   68    -7.05465     3.59457     0.00000     2.53464     0.38142
   69    -7.16345    -3.19832     0.00000    -2.18463     0.76660
   70    -6.39002    -4.64819     0.00000    -0.77148     0.71457
   71     6.75022     5.01020     0.00000    -0.20016     0.75413
   72     7.41627     2.88172     0.00000    -3.12798     0.34415
   73     7.63024    -3.06415     0.00000     0.56011     0.66376
   74    -2.53374     7.63019     0.00000    -0.19059     0.65983
   75     4.34114     7.62735     0.00000     3.78778     0.85933
   76    -2.32452    -9.17963     0.00000    -0.77728     1.00000
   77     2.88408    -7.61803     0.00000     1.14887     0.42976
   78    -5.82674     6.59291     0.00000    -2.59820     1.00000
   79     5.60057    -6.30551     0.00000    -1.22037     0.31358
   80    -8.68625     1.70653     0.00000    -1.91800     0.71011
   81    -8.45005    -2.02628     0.00000     0.69259     0.89299
   82     8.84794     0.67558     0.00000     2.22700     0.94135
   83     8.18077    -0.91936     0.00000    -0.58421     0.84625
   84    -5.78965    -6.40620     0.00000     0.70120     0.98671
   85     5.33505     6.45096     0.00000     0.46226     0.44639
   86    -4.30656     8.80720     0.00000     1.23550     0.72140
   87    -4.82518    -7.54959     0.00000     2.27082     0.99875
   88     5.72062     8.73708     0.00000     0.70343     1.00000
   89     4.38869    -8.40358     0.00000    -0.95398     0.89443
   90    -8.99775    -0.27663     0.00000    -0.93222     0.60330
   91     9.80194    -1.30507     0.00000     0.78016     0.78952
   92    -0.01708     9.30766     0.00000    -0.55282     0.62972
   93    -0.04292    -9.69007     0.00000    -1.93918     1.00000
   94    -8.01731     4.73797     0.00000     0.95995     1.00000
   95    -8.56538    -4.09652     0.00000     2.34469     0.86344
   96     8.67404     4.11655     0.00000    -0.83104     0.90998
   97     8.23951    -4.45425     0.00000     0.46670     0.91132
