    1     0.00000     0.00000     0.00000    -1.47388     0.28368
    2    -0.91671     1.58780     0.00000     0.25347     0.34077
    3    -0.93314    -1.61626     0.00000    -0.42126     0.11912
    4     0.87035     1.50749     0.00000    -0.64383     0.59365
    5     0.93314    -1.61626     0.00000    -1.11734     0.21809
    6    -1.58457     0.00000     0.00000     0.09652     0.42495
    7     1.86647     0.00000     0.00000    -2.89989     0.42484
    8     0.00000     3.02611     0.00000    -0.62570     0.23909
    9     0.00000    -2.98576     0.00000    -0.85380     0.13484
   10    -2.48360     1.43391     0.00000    -1.43241     0.60267
   11    -2.72221    -1.57167     0.00000     1.02526     0.48800
   12     2.81587     1.62574     0.00000    -1.15339     0.51222
   13     2.72897    -1.57557     0.00000     0.84922     0.14814
   14    -1.74037     3.01441     0.00000     1.53285     0.37131
   15    -1.81469    -3.14314     0.00000    -0.24641     0.19768
   16     1.79942     3.11670     0.00000     0.43637     0.43036
   17     1.79769    -3.11368     0.00000     1.00455     0.37788
   18    -3.68729     0.00000     0.00000    -0.12720     0.15096
   19     3.60850     0.00000     0.00000     0.84960     0.38644
   20    -0.86153     4.47668     0.00000    -1.98323     0.64640
   21     0.87546    -4.54903     0.00000     1.74425     0.10979
   22     0.86498     4.49460     0.00000    -1.55440     0.45322
   23    -0.88937    -4.62131     0.00000    -2.87273     0.20654
   24    -4.67059    -1.61794     0.00000     2.17477     0.18108
   25    -3.49939    -3.03056     0.00000    -0.09853     0.22055
   26     3.61641     3.13190     0.00000     0.70516     0.19451
   27     4.66522     1.61608     0.00000    -0.57061     0.46180
   28    -3.30110     2.85884     0.00000    -1.60313     0.00493
   29     3.61408    -3.12989     0.00000    -4.82704     0.05889
   30    -4.61178     1.59757     0.00000     0.98376     0.36657
   31     4.49109    -1.55576     0.00000    -0.45032     0.37240
   32    -2.67265     4.62917     0.00000    -0.30999     0.36032
   33    -2.69963    -4.67591     0.00000     0.63712     0.67508
   34     2.63683     4.56712     0.00000    -2.22951     0.28462
   35     2.72242    -4.71537     0.00000    -1.14581     0.30448
   36    -5.31790     0.00000     0.00000     1.80222     0.44696
   37     5.43570     0.00000     0.00000     0.93912     0.59108
   38     0.00000     6.37330     0.00000    -2.01263     0.34914
   39     0.00000    -6.12688     0.00000    -3.46088     0.69335
   40    -5.32236     3.07287     0.00000    -0.89731     0.38884
   41    -5.50779    -3.17993     0.00000     0.33615     0.33205
   42     5.40027     3.11785     0.00000     1.48028     0.42139
   43     5.41554    -3.12667     0.00000     0.14722     0.32367
   44    -1.83093     6.34252     0.00000    -1.76292     0.56656
   45     1.77994     6.16591     0.00000     0.48091     0.53442
   46    -1.76624    -6.11843     0.00000    -1.84150     0.27747
   47     1.84515    -6.39178     0.00000    -1.50948     0.19550
   48    -4.46065     4.63565     0.00000    -1.02688     0.35603
   49    -4.50033    -4.67689     0.00000    -1.93113     0.28293
   50     4.62129     4.80259     0.00000    -0.42563     0.10765
   51     4.51907    -4.69636     0.00000    -1.41364     0.27899
   52    -6.30067     1.55901     0.00000    -0.44876     0.35571
   53    -6.56434    -1.62425     0.00000    -0.72637     0.83775
   54     6.38090     1.57887     0.00000    -0.64369     0.20245
   55     6.28010    -1.55392     0.00000    -0.79096     0.19349
   56    -3.57284     6.18835     0.00000     1.93726     0.30591
   57    -3.85808    -6.68239     0.00000     0.95866     0.28057
   58     3.69220     6.39507     0.00000     0.09279     0.14115
   59     3.73026    -6.46099     0.00000    -2.30427     0.50602
   60    -6.97864     0.00000     0.00000    -2.55381     0.14413
   61     7.32585     0.00000     0.00000    -3.08623     0.56031
   62    -0.89491     7.75016     0.00000     4.09223     0.74060
   63     0.89562     7.75633     0.00000     1.52740     0.48015
   64    -0.88121    -7.63151     0.00000     0.40366     0.45293
   65     0.90756    -7.85975     0.00000    -1.53033     0.47065
   66    -6.21843     4.61599     0.00000    -1.80070     0.33254
   67     6.31865    -4.69039     0.00000     0.86023     0.35148
   68    -7.26085     3.14404     0.00000     2.45843     0.27226
   69    -7.28148    -3.15297     0.00000    -2.65990     0.65909
   70    -6.31773    -4.68970     0.00000    -0.70591     0.50393
   71     6.20188     4.60370     0.00000    -0.13241     0.48067
   72     7.17498     3.10686     0.00000    -3.12902     0.31577
   73     7.11973    -3.08293     0.00000     1.32143     0.33568
   74    -2.73267     7.88855     0.00000    -0.65134     0.26366
   75     2.72593     7.86910     0.00000     3.00365     0.38573
   76    -2.67260    -7.71513     0.00000    -0.61402     0.10514
   77     2.71766    -7.84521     0.00000     0.64274     0.46246
   78    -5.31560     6.13792     0.00000    -1.79452     0.46870
   79     5.67768    -6.55602     0.00000    -0.98153     0.05206
   80    -7.89820     1.52000     0.00000    -1.83583     0.30651
   81    -8.46745    -1.62955     0.00000     0.61666     0.54699
   82     8.34572     1.60613     0.00000     2.04492     0.49426
   83     8.17010    -1.57233     0.00000    -0.93249     0.44543
   84    -5.78716    -6.68244     0.00000     0.68546     0.46262
   85     5.41496     6.25265     0.00000    -0.79225     0.60823
   86    -4.42549     7.66518     0.00000     0.16039     0.10783
   87    -4.71043    -8.15872     0.00000     1.87907     0.87262
   88     4.59839     7.96465     0.00000     0.18894     0.26509
   89     4.73137    -8.19498     0.00000    -1.62867     0.91118
   90    -8.65670     0.00000     0.00000    -1.34633     0.36598
   91     8.95283     0.00000     0.00000    -0.26684     0.57702
   92     0.00000     9.36780     0.00000    -0.30107     0.59487
   93     0.00000    -9.42159     0.00000    -1.36002     0.80400
   94    -8.08149     4.66583     0.00000     0.28379     0.61649
   95    -8.12366    -4.69018     0.00000     1.98946     0.72042
   96     7.91666     4.57067     0.00000    -0.39454     0.95826
   97     8.12640    -4.69176     0.00000    -0.32134     0.60391
   98    -1.78049     9.25165     0.00000    -3.45814     0.80985
   99     1.77851    -9.24136     0.00000    -1.21660     0.55314
  100     1.82118     9.46310     0.00000    -2.18855     0.91142
