           2          15         300           1           2          15
           3          10         279           1           3          10
           3          11         291           1           3          11
           3          12         249           1           3          12
           3          14         264           1           3          14
           3          15         240           1           3          15
           3          16         258           1           3          16
           3          18         248           1           3          18
           3          19         288           1           3          19
           3          20         278           1           3          20
           4           9         269           1           4           9
           4          11         234           1           4          11
           4          14         210           1           4          14
           4          16         204           1           4          16
           4          19         228           1           4          19
           4          21         268           1           4          21
           5           7         280           1           5           7
           5          10         213           1           5          10
           5          12         197           1           5          12
           5          15         186           1           5          15
           5          18         196           1           5          18
           5          20         212           1           5          20
           5          23         276           1           5          23
           6           6         292           1           6           6
           6           7         230           1           6           7
           6           9         221           1           6           9
           6          10         167           1           6          10
           6          11         177           1           6          11
           6          13         145           1           6          13
           6          14         162           1           6          14
           6          15         126           1           6          15
           6          16         152           1           6          16
           6          18         150           1           6          18
           6          19         174           1           6          19
           6          20         166           1           6          20
           6          21         220           1           6          21
           6          23         229           1           6          23
           6          24         290           1           6          24
           7           6         250           1           7           6
           7           9         178           1           7           9
           7          11         134           1           7          11
           7          14         118           1           7          14
           7          16         116           1           7          16
           7          19         132           1           7          19
           7          21         175           1           7          21
           7          24         242           1           7          24
           8           4         297           1           8           4
           8           5         260           1           8           5
           8           6         206           1           8           6
           8           7         193           1           8           7
           8           9         141           1           8           9
           8          10         135           1           8          10
           8          11          95           1           8          11
           8          12         102           1           8          12
           8          14          81           1           8          14
           8          15          90           1           8          15
           8          16          80           1           8          16
           8          18         108           1           8          18
           8          19          94           1           8          19
           8          20         133           1           8          20
           8          21         144           1           8          21
           8          23         192           1           8          23
           8          24         205           1           8          24
           8          25         259           1           8          25
           8          26         296           1           8          26
           9           5         237           1           9           5
           9           7         155           1           9           7
           9          10         103           1           9          10
           9          12          69           1           9          12
           9          15          60           1           9          15
           9          18          68           1           9          18
           9          20         106           1           9          20
           9          23         153           1           9          23
           9          25         236           1           9          25
          10           4         256           1          10           4
          10           6         179           1          10           6
          10           9         111           1          10           9
          10          11          70           1          10          11
          10          14          53           1          10          14
          10          16          52           1          10          16
          10          19          66           1          10          19
          10          21         117           1          10          21
          10          24         176           1          10          24
          10          26         254           1          10          26
          11           4         245           1          11           4
          11           5         202           1          11           5
          11           6         157           1          11           6
          11           7         123           1          11           7
          11           9          87           1          11           9
          11          10          84           1          11          10
          11          11          49           1          11          11
          11          13          41           1          11          13
          11          14          24           1          11          14
          11          15          36           1          11          15
          11          16          30           1          11          16
          11          18          40           1          11          18
          11          19          48           1          11          19
          11          20          78           1          11          20
          11          21          86           1          11          21
          11          23         122           1          11          23
          11          24         154           1          11          24
          11          25         200           1          11          25
          11          26         243           1          11          26
          12           2         285           1          12           2
          12           5         190           1          12           5
          12           7         115           1          12           7
          12          10          57           1          12          10
          12          12          25           1          12          12
          12          15          18           1          12          15
          12          18          28           1          12          18
          12          20          56           1          12          20
          12          23         110           1          12          23
          12          25         188           1          12          25
          12          28         286           1          12          28
          13           4         226           1          13           4
          13           6         147           1          13           6
          13           9          76           1          13           9
          13          11          33           1          13          11
          13          14          11           1          13          14
          13          16          10           1          13          16
          13          19          32           1          13          19
          13          21          74           1          13          21
          13          24         140           1          13          24
          13          26         224           1          13          26
          14           2         274           1          14           2
          14           4         216           1          14           4
          14           5         172           1          14           5
          14           6         130           1          14           6
          14           7         101           1          14           7
          14           9          64           1          14           9
          14          10          46           1          14          10
          14          11          23           1          14          11
          14          13          15           1          14          13
          14          14           3           1          14          14
          14          15           6           1          14          15
          14          16           2           1          14          16
          14          18          14           1          14          18
          14          19          20           1          14          19
          14          20          44           1          14          20
          14          21          62           1          14          21
          14          23          98           1          14          23
          14          24         128           1          14          24
          14          25         170           1          14          25
          14          26         214           1          14          26
          14          28         272           1          14          28
          15           2         267           1          15           2
          15           5         165           1          15           5
          15           7          93           1          15           7
          15          10          39           1          15          10
          15          12           9           1          15          12
          15          15           1           1          15          15
          15          18           8           1          15          18
          15          20          38           1          15          20
          15          23          92           1          15          23
          15          25         164           1          15          25
          15          28         266           1          15          28
          16           2         275           1          16           2
          16           4         217           1          16           4
          16           5         173           1          16           5
          16           6         131           1          16           6
          16           7          99           1          16           7
          16           9          65           1          16           9
          16          10          47           1          16          10
          16          11          21           1          16          11
          16          12          17           1          16          12
          16          14           5           1          16          14
          16          15           7           1          16          15
          16          16           4           1          16          16
          16          18          16           1          16          18
          16          19          22           1          16          19
          16          20          45           1          16          20
          16          21          63           1          16          21
          16          23         100           1          16          23
          16          24         129           1          16          24
          16          25         171           1          16          25
          16          26         215           1          16          26
          16          28         273           1          16          28
          17           4         227           1          17           4
          17           6         143           1          17           6
          17           9          77           1          17           9
          17          11          35           1          17          11
          17          14          13           1          17          14
          17          16          12           1          17          16
          17          19          34           1          17          19
          17          21          75           1          17          21
          17          24         146           1          17          24
          17          26         225           1          17          26
          18           2         287           1          18           2
          18           5         191           1          18           5
          18           7         113           1          18           7
          18          10          59           1          18          10
          18          13          29           1          18          13
          18          15          19           1          18          15
          18          18          26           1          18          18
          18          20          58           1          18          20
          18          23         114           1          18          23
          18          25         189           1          18          25
          18          28         284           1          18          28
          19           4         246           1          19           4
          19           5         203           1          19           5
          19           6         159           1          19           6
          19           7         125           1          19           7
          19           9          89           1          19           9
          19          10          79           1          19          10
          19          11          51           1          19          11
          19          12          43           1          19          12
          19          14          31           1          19          14
          19          15          37           1          19          15
          19          16          27           1          19          16
          19          18          42           1          19          18
          19          19          50           1          19          19
          19          20          85           1          19          20
          19          21          88           1          19          21
          19          23         124           1          19          23
          19          24         156           1          19          24
          19          25         201           1          19          25
          19          26         244           1          19          26
          20           4         257           1          20           4
          20           6         183           1          20           6
          20           9         120           1          20           9
          20          11          67           1          20          11
          20          14          55           1          20          14
          20          16          54           1          20          16
          20          19          71           1          20          19
          20          21         112           1          20          21
          20          24         180           1          20          24
          20          26         255           1          20          26
          21           5         239           1          21           5
          21           7         160           1          21           7
          21          10         107           1          21          10
          21          12          73           1          21          12
          21          15          61           1          21          15
          21          18          72           1          21          18
          21          20         104           1          21          20
          21          23         158           1          21          23
          21          25         238           1          21          25
          22           4         299           1          22           4
          22           5         262           1          22           5
          22           6         208           1          22           6
          22           7         195           1          22           7
          22           9         149           1          22           9
          22          10         138           1          22          10
          22          11          97           1          22          11
          22          12         109           1          22          12
          22          14          83           1          22          14
          22          15          91           1          22          15
          22          16          82           1          22          16
          22          18         105           1          22          18
          22          19          96           1          22          19
          22          20         136           1          22          20
          22          21         142           1          22          21
          22          23         194           1          22          23
          22          24         207           1          22          24
          22          25         261           1          22          25
          22          26         298           1          22          26
          23           6         247           1          23           6
          23           9         184           1          23           9
          23          11         139           1          23          11
          23          14         121           1          23          14
          23          16         119           1          23          16
          23          19         137           1          23          19
          23          21         181           1          23          21
          23          24         251           1          23          24
          24           6         295           1          24           6
          24           7         232           1          24           7
          24           9         223           1          24           9
          24          10         169           1          24          10
          24          11         185           1          24          11
          24          12         151           1          24          12
          24          14         161           1          24          14
          24          15         127           1          24          15
          24          16         163           1          24          16
          24          18         148           1          24          18
          24          19         182           1          24          19
          24          20         168           1          24          20
          24          21         222           1          24          21
          24          23         231           1          24          23
          24          24         293           1          24          24
          25           7         277           1          25           7
          25          10         219           1          25          10
          25          12         199           1          25          12
          25          15         187           1          25          15
          25          18         198           1          25          18
          25          20         218           1          25          20
          25          23         281           1          25          23
          26           9         271           1          26           9
          26          11         233           1          26          11
          26          14         209           1          26          14
          26          16         211           1          26          16
          26          19         235           1          26          19
          26          21         270           1          26          21
          27          10         283           1          27          10
          27          11         289           1          27          11
          27          12         253           1          27          12
          27          14         263           1          27          14
          27          15         241           1          27          15
          27          16         265           1          27          16
          27          18         252           1          27          18
          27          19         294           1          27          19
          27          20         282           1          27          20
